frame,face_id,timestamp,confidence,success,x_17,x_18,x_19,x_20,x_21,x_22,x_23,x_24,x_25,x_26,y_17,y_18,y_19,y_20,y_21,y_22,y_23,y_24,y_25,y_26,x_33,y_33
1,0,0,0.98,1,916.9,920.4,925.8,931.4,936.7,948.5,954.6,961,967.6,973,319.2,315.2,313.8,314.2,316,314.5,311.4,309.8,310.1,313.2,945.5,346.4
2,0,0.033,0.98,1,912.8,916.4,921.8,927.4,932.6,944.6,950.8,957.2,963.8,969.2,319.2,315.2,313.8,314.1,315.9,314.4,311.4,310,310.4,313.5,941.2,346.7
3,0,0.067,0.98,1,908.7,912.3,917.7,923.3,928.5,940.5,946.7,953.1,959.7,965.1,319.5,315.4,314.1,314.4,316,314.5,311.5,310.1,310.4,313.5,937.3,346.7
4,0,0.1,0.98,1,904.6,908.2,913.7,919.4,924.7,936.5,942.6,949,955.6,961,319.9,315.9,314.6,314.9,316.6,315,311.9,310.4,310.7,313.7,933.6,347.2
5,0,0.133,0.98,1,900.5,904.1,909.7,915.4,920.8,932.7,938.9,945.3,951.8,957.2,320.3,316.3,314.9,315.3,317,315.4,312.4,310.8,311,314,929.9,347.7
6,0,0.167,0.98,1,896.5,900.2,905.8,911.7,917.3,929.4,935.6,942,948.4,953.4,321.4,317.1,315.5,315.7,317.4,315.6,312.6,311.1,311.5,314.7,927,348.1
7,0,0.2,0.98,1,893.1,896.9,902.5,908.4,913.9,926,932.1,938.4,944.7,949.7,322,317.8,316.2,316.5,318.2,316.4,313.4,311.9,312.2,315.2,923.8,348.9
8,0,0.233,0.98,1,889.3,893.1,898.8,904.8,910.5,922.6,928.7,935,941.4,946.3,323,318.7,317,317.2,318.9,317,314,312.4,312.6,315.7,920.6,349.5
9,0,0.267,0.98,1,886.3,890.1,895.7,901.7,907.4,919.5,925.5,931.7,938,943.1,323.8,319.5,317.8,318,319.6,317.6,314.5,312.9,313.1,316,917.6,350
10,0,0.3,0.98,1,883.2,887,892.7,898.7,904.5,916.8,922.7,928.8,935.1,940,324.3,320,318.2,318.4,320,317.9,314.9,313.2,313.3,316.2,915,350.3
11,0,0.333,0.98,1,880,883.8,889.5,895.5,901.2,913.8,919.7,925.8,932,936.9,324.7,320.4,318.5,318.6,320.2,318.1,315,313.4,313.5,316.5,911.9,350.6
12,0,0.367,0.98,1,877.3,881.1,886.8,892.9,898.7,911.1,917,923,929.2,934.1,325.1,320.7,318.9,318.9,320.4,318.3,315.2,313.5,313.7,316.6,909.4,350.8
13,0,0.4,0.98,1,874.4,878.1,883.9,890,895.9,908.1,914,920.1,926.3,931.1,325.6,321.2,319.3,319.3,320.8,318.6,315.5,313.8,313.9,316.9,906.7,351.1
14,0,0.433,0.98,1,871.7,875.5,881.3,887.4,893.3,905.7,911.5,917.5,923.6,928.5,325.9,321.5,319.7,319.7,321.2,319,315.8,314.1,314.1,317,904.2,351.6
15,0,0.467,0.98,1,869.2,873,878.8,885,890.9,903.4,909.2,915.2,921.2,926,326.3,321.9,320.1,320.1,321.5,319.2,316.1,314.3,314.4,317.3,902,351.9
16,0,0.5,0.98,1,866.7,870.5,876.4,882.6,888.5,900.9,906.7,912.7,918.8,923.6,326.8,322.4,320.5,320.5,321.9,319.6,316.3,314.5,314.6,317.5,899.8,352.1
17,0,0.533,0.98,1,864.6,868.5,874.3,880.4,886.3,898.8,904.5,910.4,916.4,921.2,327,322.7,320.9,320.9,322.2,319.8,316.6,314.7,314.7,317.4,897.8,352.3
18,0,0.567,0.98,1,862.8,866.7,872.6,878.8,884.7,897,902.6,908.5,914.6,919.4,327.2,322.9,321.1,321.1,322.5,320.1,316.7,314.8,314.8,317.4,896.2,352.4
19,0,0.6,0.98,1,861.1,865,870.8,877.1,883,895.1,900.8,906.7,912.8,917.6,327.7,323.4,321.5,321.4,322.7,320.2,316.9,314.9,314.9,317.6,894.6,352.5
20,0,0.633,0.98,1,859.7,863.6,869.4,875.6,881.5,893.8,899.4,905.3,911.3,916.1,327.7,323.4,321.5,321.4,322.7,320.2,316.8,314.9,314.8,317.5,893.3,352.5
21,0,0.667,0.98,1,858.5,862.4,868.3,874.5,880.4,892.5,898.1,903.9,909.9,914.7,327.6,323.3,321.4,321.3,322.6,320.1,316.7,314.7,314.6,317.3,892.3,352.4
22,0,0.7,0.98,1,857.4,861.4,867.3,873.6,879.5,891.5,897,902.9,908.8,913.6,327.5,323.2,321.3,321.1,322.5,319.9,316.5,314.5,314.3,316.9,891.4,352.3
23,0,0.733,0.98,1,856.5,860.5,866.5,872.8,878.7,890.7,896.2,902,907.9,912.6,327.5,323.2,321.2,321.1,322.4,319.9,316.5,314.5,314.3,317,890.6,352.2
24,0,0.767,0.98,1,855.9,860,865.9,872.3,878.3,890.4,895.9,901.7,907.5,912.2,327.2,322.9,321,320.9,322.2,319.7,316.3,314.3,314.2,316.9,890.2,352.1
25,0,0.8,0.98,1,855.2,859.4,865.4,871.8,877.8,890.2,895.7,901.3,907.1,911.7,327.1,322.8,320.8,320.8,322,319.5,316.1,314.2,314,316.7,889.9,351.9
26,0,0.833,0.98,1,854.8,858.9,865,871.5,877.6,889.9,895.4,901,906.8,911.4,327,322.7,320.8,320.7,322,319.4,316,314.1,314,316.6,889.6,351.8
27,0,0.867,0.98,1,854.8,859.2,865.4,872,878.1,890.5,895.9,901.5,907.1,911.5,326.1,321.8,319.9,319.9,321.2,318.8,315.6,313.7,313.7,316.4,889.7,351.2
28,0,0.9,0.98,1,855.4,859.9,866.2,872.8,879,891,896.4,901.9,907.5,911.8,325.3,321,319.2,319.3,320.7,318.6,315.4,313.6,313.7,316.5,890,350.7
29,0,0.933,0.98,1,856.5,861.2,867.5,874.1,880.3,892.5,897.8,903.1,908.5,912.4,324.3,320,318.3,318.4,320,318.1,315,313.5,313.8,316.8,890.6,350.1
30,0,0.967,0.98,1,858,862.9,869.5,876.3,882.6,894.4,899.4,904.5,909.5,913.1,323.5,319.2,317.5,317.8,319.7,318.1,315.2,313.8,314.1,317.1,892.3,349.6
31,0,1,0.98,1,859.5,864.6,871.3,878.2,884.6,896.3,901.1,906,910.8,913.9,322.6,318.3,316.5,316.9,318.9,317.7,315,313.7,314.2,317.4,893.8,349.1
32,0,1.033,0.98,1,861.5,866.8,873.5,880.4,886.7,898.1,902.7,907.4,911.9,914.6,321.4,317.1,315.3,315.9,318.1,317.3,314.8,313.8,314.5,317.8,894.9,348.5
33,0,1.067,0.98,1,863.3,868.7,875.6,882.5,888.8,900.1,904.6,909,913.2,915.6,319.9,315.8,314.2,314.9,317.4,316.9,314.6,313.7,314.5,317.9,896.4,348
34,0,1.1,0.98,1,864.9,870.7,877.6,884.6,890.9,902,906.3,910.5,914.4,916.5,318.4,314.4,313,313.9,316.6,316.5,314.4,313.7,314.6,318.1,897.7,347.6
35,0,1.133,0.98,1,867,872.9,879.9,886.7,892.8,903.7,907.8,911.8,915.5,917.3,316.9,313.2,312,313.2,316.1,316.5,314.6,314.2,315.2,318.8,898.7,347.2
36,0,1.167,0.98,1,868.3,874.4,881.3,888.1,894.1,904.5,908.7,912.7,916.3,918.1,315.5,312,311.1,312.6,315.7,316.6,314.9,314.6,315.8,319.5,898.9,347
37,0,1.2,0.98,1,869.3,875.6,882.7,889.5,895.4,905.6,909.9,913.9,917.4,918.9,314.2,310.9,310.3,312.1,315.5,316.8,315.3,315.2,316.6,320.4,898.9,346.8
38,0,1.233,0.98,1,870.3,876.7,883.8,890.5,896.3,906.3,910.5,914.4,917.8,919,312.8,309.7,309.3,311.3,315,316.9,315.8,316,317.7,321.7,898.8,346.3
39,0,1.267,0.98,1,870.9,877.4,884.5,891.1,896.7,906.7,910.8,914.7,918,919,311.6,308.6,308.4,310.6,314.5,317,316.2,316.7,318.6,322.7,898.6,345.8
40,0,1.3,0.98,1,871.5,878,885.1,891.6,897.1,906.8,910.8,914.6,917.9,918.8,310.4,307.6,307.6,310.1,314.2,317.2,316.8,317.5,319.7,323.9,898.2,345.1
41,0,1.333,0.98,1,871.9,878.4,885.4,891.8,897.1,906.5,910.5,914.3,917.4,918.2,309.3,306.7,306.9,309.6,313.9,317.4,317.2,318.2,320.5,324.8,897.5,344.5
42,0,1.367,0.98,1,871.9,878.4,885.4,891.7,896.8,906,909.8,913.4,916.3,917,308.3,305.9,306.3,309.1,313.6,317.5,317.5,318.7,321,325.4,896.9,343.9
43,0,1.4,0.98,1,871.5,878.1,885,891.1,896.2,905.5,909.2,912.7,915.5,916.2,307.5,305.3,305.9,308.9,313.3,317.6,317.8,319.1,321.7,326.1,896.1,343.4
44,0,1.433,0.98,1,870.9,877.5,884.3,890.3,895.3,904.6,908.3,911.8,914.6,915.4,306.9,304.8,305.7,308.8,313.2,317.8,318.1,319.6,322.2,326.8,894.8,343.2
45,0,1.467,0.98,1,869.8,876.4,883.3,889.3,894.2,903.5,907.3,910.8,913.7,914.4,306.6,304.6,305.6,308.8,313.3,317.9,318.3,319.8,322.6,327.3,893.4,343.2
46,0,1.5,0.98,1,868.5,875.2,882,888.1,893,902.3,906.2,909.7,912.6,913.3,306.6,304.6,305.7,308.9,313.3,318.1,318.5,320.1,323,327.7,891.9,343.3
47,0,1.533,0.98,1,867.4,874.1,880.9,886.9,891.7,901.2,905.2,908.7,911.6,912.3,306.7,304.8,306,309.2,313.7,318.5,319,320.6,323.4,328.1,890.4,343.7
48,0,1.567,0.98,1,866.3,873,879.8,885.8,890.6,899.9,903.9,907.5,910.4,911.2,307,305.2,306.3,309.5,314.1,318.8,319.1,320.7,323.6,328.3,889.1,343.9
49,0,1.6,0.98,1,865.3,872,878.8,884.8,889.6,898.8,902.9,906.5,909.4,910.2,307.4,305.5,306.7,309.9,314.5,319.1,319.5,321.1,324,328.7,887.9,344.3
50,0,1.633,0.98,1,864.3,871,877.8,883.8,888.6,898,902.1,905.7,908.7,909.5,307.8,305.9,307,310.3,314.8,319.4,319.7,321.3,324.1,328.8,887.1,344.7
51,0,1.667,0.98,1,863.5,870.3,877.1,883.2,888.1,897.4,901.5,905.1,908,908.8,308,306.1,307.3,310.5,315.1,319.7,320,321.6,324.4,329.1,886.5,344.9
52,0,1.7,0.98,1,862.8,869.6,876.4,882.6,887.5,896.8,900.9,904.5,907.4,908.3,308.4,306.5,307.7,310.9,315.5,320,320.3,321.8,324.7,329.4,885.9,345.4
53,0,1.733,0.98,1,862.3,869,875.9,882,886.9,896.4,900.6,904.2,907.1,908,308.7,306.8,307.9,311.1,315.6,320.1,320.4,321.9,324.8,329.5,885.4,345.6
54,0,1.767,0.98,1,861.8,868.5,875.4,881.5,886.4,896,900.2,903.8,906.8,907.6,308.8,306.9,308,311.2,315.7,320.3,320.5,322.1,325,329.7,884.9,345.8
55,0,1.8,0.98,1,861.4,868.1,875,881.2,886.1,895.7,899.9,903.6,906.6,907.4,309,307.1,308.2,311.4,315.9,320.4,320.6,322.2,325.1,329.8,884.5,345.9
56,0,1.833,0.98,1,861.2,868,874.9,881.1,886,895.6,899.8,903.5,906.5,907.3,309.1,307.1,308.2,311.4,315.9,320.4,320.7,322.3,325.2,330,884.3,345.9
57,0,1.867,0.98,1,861.1,867.8,874.7,880.9,885.8,895.4,899.7,903.4,906.5,907.4,309.1,307.1,308.2,311.4,315.9,320.4,320.6,322.2,325.1,329.8,884.1,345.9
58,0,1.9,0.98,1,861,867.7,874.7,880.9,885.8,895.3,899.6,903.4,906.5,907.4,309.1,307.1,308.2,311.4,315.8,320.3,320.5,322,324.9,329.7,884.1,345.9
59,0,1.933,0.98,1,861,867.7,874.7,880.9,885.9,895.4,899.7,903.5,906.6,907.5,309.1,307,308.1,311.3,315.7,320.1,320.4,321.9,324.8,329.6,884.2,345.8
60,0,1.967,0.98,1,861,867.7,874.7,880.9,886,895.5,899.8,903.7,906.8,907.7,309.1,307,308,311.2,315.7,320.1,320.3,321.9,324.7,329.5,884.3,345.7
61,0,2,0.98,1,861.3,868,875,881.2,886.1,895.7,900,903.9,907.1,908,308.9,306.9,307.9,311.1,315.6,320,320.3,321.8,324.7,329.4,884.4,345.7
62,0,2.033,0.98,1,861.4,868.2,875.2,881.4,886.4,896,900.4,904.3,907.5,908.5,308.9,306.9,307.9,311.1,315.6,319.9,320.1,321.7,324.5,329.2,884.8,345.5
63,0,2.067,0.98,1,861.4,868.2,875.2,881.5,886.5,896.2,900.6,904.6,907.9,908.9,308.8,306.6,307.6,310.7,315.1,319.3,319.5,321,323.8,328.6,885.3,345.2
64,0,2.1,0.98,1,861.9,868.6,875.5,881.8,886.9,896.6,901,904.9,908.2,909.3,308.6,306.4,307.2,310.2,314.5,318.6,318.7,320.2,323,327.8,886.4,344.7
65,0,2.133,0.98,1,862.4,869.1,876,882.2,887.4,897.4,901.7,905.6,908.9,910.2,308.6,306.2,307,309.9,314,317.9,318,319.4,322.2,327,887.4,344.3
66,0,2.167,0.98,1,863.2,869.8,876.7,883.1,888.3,898.1,902.5,906.4,909.7,911,308.7,306.3,307,309.7,313.8,317.6,317.6,319,321.7,326.5,888.7,344.2
67,0,2.2,0.98,1,864,870.6,877.6,884,889.2,899,903.3,907.2,910.5,911.8,308.8,306.3,307,309.7,313.7,317.5,317.5,318.8,321.5,326.2,889.9,344
68,0,2.233,0.98,1,865.2,871.8,878.8,885.1,890.4,900,904.3,908.1,911.4,912.7,308.9,306.4,307,309.7,313.7,317.4,317.4,318.6,321.3,325.9,891.3,344
69,0,2.267,0.98,1,866.2,872.8,879.8,886.2,891.6,901.2,905.4,909.2,912.5,913.8,309,306.4,307,309.7,313.7,317.3,317.2,318.5,321.1,325.7,892.4,344
70,0,2.3,0.98,1,867.2,873.8,880.8,887.2,892.5,902.2,906.4,910.2,913.5,914.7,309,306.5,307,309.6,313.7,317.3,317.2,318.5,321.1,325.7,893.6,344
71,0,2.333,0.98,1,868.1,874.7,881.6,888,893.3,903.1,907.2,911,914.2,915.4,309,306.5,307.1,309.7,313.7,317.4,317.3,318.5,321.1,325.7,894.2,344.1
72,0,2.367,0.98,1,868.5,875,881.9,888.3,893.6,903.4,907.6,911.3,914.5,915.7,309.4,306.9,307.4,310,314,317.6,317.4,318.6,321.1,325.7,894.8,344.5
73,0,2.4,0.98,1,868.6,875.2,882.2,888.6,894,903.7,907.9,911.6,914.8,916,309.8,307.3,307.7,310.4,314.5,318,317.8,318.9,321.5,326.1,895,345
74,0,2.433,0.98,1,868.3,875,882,888.5,893.9,903.6,907.8,911.6,914.8,915.9,310.3,307.7,308.2,310.9,315,318.5,318.2,319.3,321.8,326.4,894.7,345.6
75,0,2.467,0.98,1,868,874.6,881.6,888.1,893.5,903.2,907.4,911.2,914.4,915.5,310.8,308.3,308.7,311.4,315.5,319,318.8,319.8,322.3,326.8,894.3,346.2
76,0,2.5,0.98,1,867.5,874.1,881.2,887.7,893,902.8,907,910.8,914,915,311.3,308.7,309.1,311.8,316,319.5,319.3,320.3,322.7,327.2,893.8,346.7
77,0,2.533,0.98,1,867,873.6,880.6,887.1,892.4,902.4,906.5,910.3,913.5,914.6,311.8,309.2,309.6,312.3,316.4,319.9,319.7,320.7,323.1,327.6,893.3,347.2
78,0,2.567,0.98,1,866.4,873,880.1,886.6,892,901.8,906.1,909.9,913.1,914.2,312.2,309.6,310,312.6,316.8,320.2,319.9,320.9,323.3,327.8,892.8,347.6
79,0,2.6,0.98,1,866,872.6,879.6,886.1,891.5,901.5,905.7,909.6,912.8,913.9,312.6,310,310.4,313,317.1,320.5,320.1,321.1,323.5,328,892.3,348
80,0,2.633,0.98,1,865.6,872.1,879.1,885.5,890.9,901,905.2,909.1,912.3,913.4,312.9,310.4,310.8,313.4,317.5,320.9,320.6,321.6,324,328.4,891.8,348.4
81,0,2.667,0.98,1,865.2,871.8,878.7,885.2,890.5,900.6,904.9,908.7,912,913.2,313,310.5,311,313.6,317.6,321,320.6,321.6,324.1,328.5,891.4,348.5
82,0,2.7,0.98,1,864.8,871.4,878.4,884.8,890.2,900.2,904.5,908.4,911.7,912.9,313.2,310.7,311.1,313.7,317.6,321,320.7,321.7,324.2,328.7,891.1,348.6
83,0,2.733,0.98,1,864.7,871.3,878.2,884.6,890,900.1,904.4,908.3,911.6,912.9,313.2,310.7,311.2,313.8,317.7,321.1,320.7,321.7,324.2,328.7,890.9,348.7
84,0,2.767,0.98,1,864.6,871.2,878.1,884.5,889.9,900,904.3,908.2,911.5,912.8,313.2,310.8,311.3,313.8,317.7,321.1,320.8,321.8,324.3,328.8,890.7,348.8
85,0,2.8,0.98,1,864.4,871,877.9,884.4,889.7,899.8,904.2,908,911.3,912.7,313.3,310.8,311.4,313.9,317.8,321.2,320.9,321.9,324.4,329,890.7,348.9
86,0,2.833,0.98,1,864.1,870.8,877.7,884.2,889.6,899.6,903.9,907.8,911.1,912.4,313.4,311,311.5,314.1,318,321.3,320.9,322,324.5,329.1,890.6,349
87,0,2.867,0.98,1,864.3,870.9,877.8,884.3,889.6,899.6,904,907.8,911.1,912.5,313.5,311,311.6,314.2,318,321.4,321,322,324.5,329.1,890.6,349
88,0,2.9,0.98,1,864.4,871,877.9,884.3,889.6,899.7,904,907.8,911.1,912.4,313.5,311.1,311.6,314.2,318.1,321.5,321.1,322.1,324.6,329.1,890.6,349.1
89,0,2.933,0.98,1,864.7,871.3,878.3,884.7,890,900,904.3,908.2,911.5,912.8,313.5,311.1,311.8,314.4,318.3,321.7,321.4,322.4,324.9,329.4,890.8,349.2
90,0,2.967,0.98,1,865.1,871.7,878.7,885.1,890.4,900.4,904.7,908.6,911.9,913.2,313.6,311.2,311.8,314.5,318.5,321.9,321.6,322.6,325,329.6,891.1,349.4
91,0,3,0.98,1,865.7,872.4,879.4,885.8,891.1,901.1,905.4,909.2,912.4,913.6,313.6,311.2,311.8,314.5,318.6,322.1,321.7,322.8,325.3,329.9,891.7,349.6
92,0,3.033,0.98,1,866.3,873,880,886.5,891.7,901.7,905.9,909.7,912.9,913.9,313.6,311.2,311.9,314.6,318.7,322.2,321.9,323.1,325.6,330.2,892.1,349.7
93,0,3.067,0.98,1,867.1,873.9,880.9,887.3,892.6,902.4,906.7,910.4,913.5,914.6,313.6,311.3,312,314.8,318.9,322.5,322.3,323.4,326,330.6,892.8,349.9
94,0,3.1,0.98,1,868.1,874.8,881.8,888.2,893.4,903.2,907.4,911.1,914.2,915.2,313.7,311.4,312.2,315,319.2,322.8,322.6,323.7,326.3,330.9,893.3,350.1
95,0,3.133,0.98,1,868.8,875.6,882.5,888.9,894.1,903.9,908.1,911.8,914.8,915.8,313.6,311.4,312.2,315.1,319.2,323,322.8,324,326.6,331.2,893.8,350.2
96,0,3.167,0.98,1,869.6,876.3,883.3,889.6,894.8,904.5,908.7,912.4,915.4,916.2,313.6,311.4,312.3,315.2,319.4,323.2,323.1,324.3,326.9,331.6,894.2,350.3
97,0,3.2,0.98,1,870.1,876.9,883.8,890.1,895.2,905,909.1,912.8,915.8,916.7,313.6,311.5,312.4,315.4,319.6,323.4,323.3,324.5,327.2,331.9,894.8,350.4
98,0,3.233,0.98,1,870.7,877.5,884.4,890.6,895.7,905.4,909.5,913.2,916.2,917.2,313.6,311.5,312.5,315.5,319.8,323.7,323.6,324.8,327.5,332.2,895,350.6
99,0,3.267,0.98,1,870.9,877.7,884.6,890.9,895.9,905.6,909.9,913.5,916.5,917.4,313.7,311.6,312.7,315.7,319.9,323.9,323.8,325,327.7,332.3,895.1,350.8
100,0,3.3,0.98,1,871.2,878,884.8,891.1,896.1,905.8,910,913.6,916.6,917.5,313.7,311.7,312.8,315.9,320.1,324.1,324,325.2,327.8,332.5,895.2,351.1
101,0,3.333,0.98,1,871.5,878.2,885,891.2,896.2,906,910.1,913.7,916.7,917.6,313.8,311.8,312.9,316,320.2,324.3,324.2,325.4,328.1,332.7,895.4,351.2
102,0,3.367,0.98,1,871.8,878.6,885.4,891.6,896.6,906.3,910.5,914,916.9,917.9,313.9,312,313.1,316.1,320.3,324.3,324.2,325.5,328.1,332.7,895.8,351.3
103,0,3.4,0.98,1,872.1,878.9,885.7,891.9,897,906.7,910.9,914.4,917.3,918.3,314.1,312.2,313.3,316.3,320.5,324.4,324.3,325.4,328,332.6,896.3,351.4
104,0,3.433,0.98,1,872.7,879.4,886.2,892.5,897.5,907.1,911.2,914.7,917.6,918.5,314.6,312.6,313.6,316.6,320.8,324.6,324.4,325.5,328.1,332.6,896.7,351.6
105,0,3.467,0.98,1,873.2,879.8,886.6,892.9,897.9,907.6,911.6,915.1,918,918.8,314.8,312.8,313.7,316.7,320.9,324.7,324.5,325.6,328.2,332.7,897,351.7
106,0,3.5,0.98,1,873.6,880.2,887.1,893.3,898.3,907.9,911.9,915.3,918.1,919,315.2,313.1,313.9,316.9,321.1,324.8,324.7,325.8,328.3,332.8,897.4,351.8
107,0,3.533,0.98,1,874.2,880.7,887.5,893.7,898.8,908.5,912.5,915.9,918.7,919.6,315.4,313.2,314,316.9,321.1,324.8,324.6,325.7,328.2,332.7,897.9,351.9
108,0,3.567,0.98,1,874.6,881.1,887.9,894.2,899.3,909.2,913.1,916.6,919.3,920.1,315.4,313.2,314,316.9,321,324.7,324.5,325.7,328.2,332.7,898.3,351.9
109,0,3.6,0.98,1,875,881.5,888.4,894.6,899.7,909.4,913.4,916.8,919.6,920.4,315.5,313.3,314,316.9,321.1,324.7,324.4,325.4,327.9,332.4,899.1,352.1
110,0,3.633,0.98,1,875.5,882,888.9,895.2,900.2,909.8,913.8,917.2,920,920.7,315.5,313.3,314.1,317,321.2,324.7,324.4,325.5,327.9,332.4,899.7,352.1
111,0,3.667,0.98,1,875.8,882.4,889.2,895.4,900.4,910.1,914,917.4,920.2,920.9,315.5,313.5,314.3,317.2,321.4,325,324.6,325.6,328,332.4,899.8,352.4
112,0,3.7,0.98,1,875.8,882.4,889.3,895.5,900.5,910.1,914.1,917.5,920.3,921,315.7,313.6,314.4,317.3,321.6,325.2,324.8,325.8,328.1,332.5,899.9,352.6
113,0,3.733,0.98,1,875.5,882.2,889,895.3,900.3,909.8,913.9,917.4,920.2,920.9,315.8,313.6,314.4,317.4,321.7,325.2,324.8,325.7,328.1,332.4,899.8,352.6
114,0,3.767,0.98,1,875.3,881.9,888.8,895.1,900.1,909.6,913.6,917.1,920,920.8,315.7,313.6,314.4,317.4,321.6,325.2,324.7,325.6,328,332.3,899.4,352.7
115,0,3.8,0.98,1,874.8,881.5,888.4,894.7,899.8,909.3,913.4,916.9,919.8,920.6,315.8,313.6,314.4,317.4,321.6,325.1,324.7,325.6,328,332.3,899.2,352.7
116,0,3.833,0.98,1,874.4,881.1,888,894.3,899.4,909,913.1,916.7,919.6,920.4,315.9,313.7,314.5,317.4,321.6,325.1,324.7,325.6,327.9,332.3,898.9,352.7
117,0,3.867,0.98,1,873.8,880.5,887.4,893.8,898.9,908.4,912.6,916.2,919.2,920.1,316.1,314,314.7,317.6,321.8,325.3,324.8,325.7,328,332.4,898.4,353
118,0,3.9,0.98,1,873.2,879.9,886.8,893.2,898.3,907.9,912.1,915.8,918.8,919.8,316.5,314.3,315.1,318,322.2,325.5,325,325.8,328.1,332.4,897.7,353.3
119,0,3.933,0.98,1,872.4,879.1,886.2,892.6,897.8,907.3,911.6,915.4,918.5,919.4,316.9,314.7,315.4,318.3,322.6,325.8,325.3,326.1,328.3,332.6,897.2,353.6
120,0,3.967,0.98,1,871.6,878.3,885.4,891.8,897.1,906.7,911,914.8,917.9,918.8,317.2,314.9,315.5,318.4,322.6,325.8,325.3,326,328.3,332.6,896.6,353.7
121,0,4,0.98,1,871,877.7,884.8,891.2,896.5,906,910.3,914.1,917.3,918.1,317.4,315.1,315.7,318.5,322.8,326,325.4,326.1,328.3,332.5,896,354
122,0,4.033,0.98,1,870.1,876.9,884,890.5,895.8,905.4,909.7,913.6,916.7,917.5,317.7,315.4,316,318.8,323.1,326.2,325.5,326.2,328.4,332.6,895.2,354.2
123,0,4.067,0.98,1,869.3,876,883.2,889.7,894.9,904.6,909,912.9,916.1,916.9,317.8,315.4,316,318.9,323.2,326.2,325.6,326.2,328.4,332.6,894.3,354.5
124,0,4.1,0.98,1,868.7,875.5,882.6,889.1,894.4,904.1,908.5,912.4,915.6,916.4,317.7,315.4,316,318.8,323.1,326.2,325.5,326.1,328.3,332.5,893.8,354.4
125,0,4.133,0.98,1,868,874.8,882,888.6,893.9,903.6,908.1,912,915.3,916.1,317.8,315.4,315.9,318.7,322.9,325.9,325.3,326,328.1,332.4,893.4,354.3
126,0,4.167,0.98,1,867.4,874.2,881.4,888,893.3,903,907.5,911.5,914.8,915.7,317.7,315.2,315.8,318.5,322.7,325.7,325,325.7,327.9,332.2,892.8,354.1
127,0,4.2,0.98,1,867,873.7,880.9,887.4,892.7,902.6,907.1,911.1,914.3,915.2,317.6,315.2,315.7,318.4,322.6,325.7,325,325.7,327.9,332.2,892.4,354
128,0,4.233,0.98,1,866.8,873.5,880.6,887.1,892.4,902.3,906.7,910.7,914,914.9,317.5,315.1,315.6,318.4,322.6,325.7,325,325.6,327.8,332,891.9,354
129,0,4.267,0.98,1,866.6,873.3,880.3,886.8,892.1,902,906.5,910.5,913.8,914.7,317.5,315.2,315.7,318.4,322.6,325.7,325,325.7,327.9,332.1,891.6,354
130,0,4.3,0.98,1,866.5,873.1,880.1,886.5,891.8,901.8,906.3,910.3,913.6,914.5,317.5,315.2,315.7,318.5,322.7,325.8,325.2,325.9,328,332.3,891.2,354.1
131,0,4.333,0.98,1,866.3,873,880,886.5,891.7,901.7,906.2,910.2,913.5,914.4,317.6,315.3,315.8,318.6,322.8,325.9,325.3,326,328.2,332.4,891,354.2
132,0,4.367,0.98,1,865.9,872.6,879.7,886.2,891.5,901.6,906.1,910.1,913.4,914.4,317.8,315.4,315.9,318.7,322.9,326,325.4,326.1,328.3,332.6,890.9,354.2
133,0,4.4,0.98,1,865.7,872.4,879.5,886,891.3,901.4,905.8,909.9,913.2,914.1,318,315.6,316.1,318.9,323.1,326.2,325.6,326.3,328.4,332.6,890.8,354.4
134,0,4.433,0.98,1,865.4,872.1,879.3,885.8,891.2,901.2,905.7,909.8,913.1,914,318.2,315.8,316.2,319,323.3,326.4,325.7,326.4,328.5,332.7,890.6,354.5
135,0,4.467,0.98,1,865.4,872.1,879.2,885.7,891.1,901.2,905.6,909.7,912.9,913.8,318.5,316,316.5,319.3,323.6,326.7,326,326.6,328.7,332.9,890.6,354.9
136,0,4.5,0.98,1,865.5,872.1,879.2,885.6,890.9,901.1,905.5,909.5,912.7,913.6,318.8,316.4,316.9,319.7,323.9,327,326.3,326.9,329,333.1,890.4,355.1
137,0,4.533,0.98,1,865.5,872.1,879.2,885.6,890.9,901.1,905.5,909.5,912.8,913.6,319.2,316.8,317.2,320,324.2,327.3,326.6,327.2,329.3,333.4,890.5,355.5
138,0,4.567,0.98,1,865.5,872.1,879.1,885.5,890.8,901,905.3,909.3,912.6,913.5,319.5,317.1,317.6,320.4,324.5,327.5,326.8,327.4,329.4,333.6,890.4,355.6
139,0,4.6,0.98,1,865.3,871.9,878.9,885.4,890.7,900.7,905.1,909.1,912.3,913.2,319.8,317.3,317.7,320.5,324.6,327.6,326.9,327.5,329.5,333.7,890.4,355.9
140,0,4.633,0.98,1,865,871.6,878.7,885.2,890.6,900.6,905,909,912.2,913.1,320,317.5,317.9,320.6,324.7,327.6,326.9,327.5,329.6,333.8,890.4,355.9
141,0,4.667,0.98,1,864.9,871.5,878.7,885.2,890.5,900.5,904.9,908.9,912.1,913,320,317.5,317.9,320.6,324.7,327.7,327,327.5,329.6,333.8,890.3,355.9
142,0,4.7,0.98,1,864.9,871.5,878.6,885.1,890.5,900.5,904.8,908.8,912,912.9,319.9,317.5,317.8,320.5,324.6,327.5,326.8,327.4,329.4,333.6,890.4,355.8
143,0,4.733,0.98,1,864.8,871.5,878.6,885.1,890.4,900.4,904.8,908.7,912,912.8,319.9,317.4,317.8,320.4,324.5,327.4,326.7,327.2,329.3,333.5,890.3,355.8
144,0,4.767,0.98,1,864.8,871.4,878.5,884.9,890.3,900.3,904.6,908.6,911.8,912.7,319.7,317.3,317.7,320.3,324.4,327.3,326.5,327.1,329.2,333.4,890.3,355.5
145,0,4.8,0.98,1,864.7,871.3,878.4,884.9,890.2,900.2,904.6,908.6,911.8,912.7,319.6,317.1,317.5,320.1,324.2,327.1,326.3,326.9,328.9,333.1,890.2,355.4
146,0,4.833,0.98,1,864.6,871.2,878.3,884.8,890.2,900.1,904.5,908.4,911.7,912.6,319.6,317.1,317.4,320.1,324.2,327,326.2,326.8,328.8,332.9,890.2,355.4
147,0,4.867,0.98,1,864.6,871.2,878.3,884.8,890.2,900.1,904.4,908.4,911.6,912.5,319.7,317.1,317.5,320.1,324.2,327,326.2,326.8,328.8,333,890.2,355.4
148,0,4.9,0.98,1,864.6,871.2,878.3,884.8,890.2,900.1,904.4,908.3,911.5,912.4,319.7,317.1,317.5,320.1,324.2,327,326.2,326.8,328.8,333,890.2,355.3
149,0,4.933,0.98,1,864.6,871.3,878.3,884.8,890.2,900,904.4,908.3,911.5,912.4,319.8,317.3,317.7,320.3,324.4,327.2,326.5,327,329,333.1,890.2,355.6
150,0,4.967,0.98,1,864.6,871.2,878.3,884.8,890.2,900,904.3,908.3,911.5,912.4,320.1,317.6,318,320.6,324.7,327.4,326.7,327.2,329.1,333.3,890.1,355.8
151,0,5,0.98,1,864.6,871.2,878.2,884.7,890,899.9,904.2,908.2,911.4,912.3,320.4,317.8,318.2,320.8,324.8,327.6,326.8,327.3,329.3,333.4,890.2,356
152,0,5.033,0.98,1,864.5,871.1,878.2,884.7,890,899.9,904.3,908.2,911.4,912.3,320.6,318,318.3,320.9,325,327.7,326.9,327.4,329.4,333.6,890.3,356.1
153,0,5.067,0.98,1,864.5,871,878.2,884.7,890.1,900,904.4,908.3,911.5,912.5,320.7,318.1,318.4,321,325,327.7,326.9,327.5,329.5,333.7,890.5,356.1
154,0,5.1,0.98,1,864.7,871.3,878.4,885,890.4,900.3,904.6,908.5,911.7,912.6,320.8,318.2,318.4,321,325,327.7,327,327.4,329.4,333.5,890.7,356.2
155,0,5.133,0.98,1,865.1,871.7,878.8,885.3,890.7,900.7,905,908.9,912.1,913,320.8,318.2,318.5,321,325,327.7,326.9,327.4,329.3,333.5,891.1,356.3
156,0,5.167,0.98,1,865.4,872,879.1,885.7,891.1,901.1,905.4,909.4,912.6,913.5,320.8,318.2,318.5,321,325,327.7,326.9,327.4,329.3,333.5,891.5,356.3
157,0,5.2,0.98,1,865.7,872.2,879.4,886,891.4,901.5,905.8,909.7,913,913.8,320.8,318.2,318.4,320.9,324.9,327.6,326.7,327.2,329.2,333.3,891.9,356.3
158,0,5.233,0.98,1,866.1,872.7,879.8,886.4,891.9,901.9,906.2,910.2,913.4,914.3,320.6,318.1,318.3,320.9,324.8,327.5,326.6,327.1,329,333.1,892.3,356.2
159,0,5.267,0.98,1,866.4,872.9,880,886.6,892,902,906.3,910.2,913.5,914.4,320.5,317.9,318.2,320.7,324.7,327.4,326.5,327,328.9,333.1,892.4,356.1
160,0,5.3,0.98,1,866.7,873.2,880.3,886.9,892.2,902.1,906.5,910.4,913.6,914.6,320.4,317.8,318.1,320.6,324.6,327.3,326.5,326.9,328.9,333,892.6,356
161,0,5.333,0.98,1,866.8,873.4,880.5,887,892.5,902.3,906.7,910.6,913.8,914.7,320.4,317.8,318.1,320.6,324.7,327.3,326.5,326.9,328.9,333,892.8,356
162,0,5.367,0.98,1,867.1,873.7,880.8,887.3,892.6,902.5,906.8,910.7,913.9,914.8,320.3,317.8,318.1,320.7,324.7,327.4,326.5,327,328.9,333,893,355.9
163,0,5.4,0.98,1,867.3,873.8,880.9,887.4,892.7,902.6,907,910.9,914.2,915.3,320.3,317.8,318.1,320.7,324.7,327.3,326.5,326.9,328.8,332.9,893.1,355.9
164,0,5.433,0.98,1,867.4,874,881.2,887.7,893.1,902.8,907.2,911.2,914.5,915.5,320.5,317.9,318.3,320.8,324.8,327.4,326.5,327,328.9,333.1,893.5,355.9
165,0,5.467,0.98,1,867.8,874.4,881.4,888,893.4,903.1,907.5,911.4,914.7,915.7,320.6,318,318.3,320.9,324.9,327.5,326.6,327.1,329,333.2,893.7,355.9
166,0,5.5,0.98,1,868.2,874.8,881.8,888.3,893.6,903.4,907.8,911.8,915.1,916.2,320.6,318.1,318.4,321,324.9,327.5,326.6,327,328.9,333,894,356
167,0,5.533,0.98,1,868.5,875.1,882.1,888.6,893.9,903.8,908.1,912.1,915.3,916.4,320.6,318.1,318.5,321.1,325,327.6,326.7,327.2,329,333.1,894.3,356.1
168,0,5.567,0.98,1,868.7,875.3,882.4,888.8,894.2,904.1,908.4,912.4,915.7,916.7,320.7,318.2,318.6,321.1,325.1,327.7,326.8,327.2,329.1,333.2,894.6,356.2
169,0,5.6,0.98,1,869.2,875.8,882.8,889.3,894.6,904.4,908.8,912.7,915.9,916.9,320.8,318.3,318.7,321.3,325.3,327.9,327,327.4,329.3,333.3,894.9,356.4
170,0,5.633,0.98,1,869.4,875.9,882.9,889.4,894.7,904.7,909,912.9,916.2,917.2,320.9,318.4,318.8,321.3,325.3,327.9,327,327.4,329.2,333.2,895.2,356.4
171,0,5.667,0.98,1,869.5,876.1,883.1,889.6,894.9,904.9,909.2,913.2,916.4,917.4,321,318.5,318.8,321.4,325.3,327.9,327.1,327.5,329.3,333.3,895.4,356.5
172,0,5.7,0.98,1,869.8,876.3,883.4,889.9,895.2,905.1,909.4,913.3,916.5,917.4,321,318.5,318.8,321.4,325.4,328,327.2,327.6,329.5,333.5,895.5,356.5
173,0,5.733,0.98,1,869.8,876.4,883.4,889.9,895.3,905.3,909.6,913.6,916.9,917.9,321.1,318.6,318.9,321.5,325.5,328,327.1,327.5,329.4,333.4,895.8,356.6
174,0,5.767,0.98,1,870,876.5,883.5,890,895.3,905.3,909.7,913.7,917,918,321.2,318.7,319,321.5,325.5,328,327.1,327.4,329.3,333.3,895.8,356.6
175,0,5.8,0.98,1,870,876.6,883.7,890.2,895.5,905.6,910,913.9,917.2,918.2,321.2,318.7,319,321.5,325.5,328,327.1,327.5,329.3,333.3,896.1,356.6
176,0,5.833,0.98,1,870.4,877,884,890.5,895.8,906,910.3,914.2,917.5,918.4,321.2,318.7,319.1,321.6,325.6,328.2,327.3,327.6,329.4,333.4,896.4,356.7
177,0,5.867,0.98,1,870.9,877.4,884.4,890.8,896.2,906.3,910.5,914.4,917.6,918.5,321.3,318.8,319.1,321.7,325.6,328.2,327.4,327.8,329.6,333.6,896.7,356.7
178,0,5.9,0.98,1,871.3,877.8,884.7,891.1,896.4,906.6,910.8,914.7,917.9,918.9,321.4,319,319.3,321.8,325.8,328.4,327.6,328,329.9,333.8,896.8,356.8
179,0,5.933,0.98,1,871.6,878.2,885.1,891.5,896.8,907,911.2,915.1,918.3,919.3,321.3,319,319.3,321.9,325.8,328.5,327.7,328.1,329.9,333.9,897.1,356.9
180,0,5.967,0.98,1,872,878.5,885.5,891.8,897.1,907.1,911.4,915.2,918.4,919.3,321.5,319,319.4,321.9,325.9,328.6,327.8,328.2,330,334,897.4,357
181,0,6,0.98,1,872.1,878.7,885.7,892.1,897.4,907.3,911.6,915.4,918.6,919.5,321.6,319.1,319.5,322.1,326,328.7,327.9,328.3,330.2,334.3,897.7,357.2
182,0,6.033,0.98,1,872.5,879,886,892.3,897.6,907.5,911.7,915.5,918.7,919.6,321.6,319.2,319.6,322.2,326.1,328.8,328,328.4,330.2,334.3,897.9,357.1
183,0,6.067,0.98,1,872.5,879,886,892.4,897.7,907.6,911.8,915.7,918.9,919.8,321.6,319.2,319.6,322.2,326.2,328.8,328,328.4,330.3,334.3,898,357.1
184,0,6.1,0.98,1,872.5,879.1,886.1,892.5,897.8,907.7,912,915.9,919.1,919.9,321.6,319.2,319.5,322.2,326.2,328.9,328,328.4,330.3,334.4,898,357.1
185,0,6.133,0.98,1,872.4,879,886,892.5,897.8,907.6,911.9,915.8,919,919.9,321.6,319.1,319.5,322.1,326.1,328.8,328,328.5,330.4,334.4,898,357.1
186,0,6.167,0.98,1,872.4,879,886,892.4,897.7,907.6,911.8,915.7,919,919.8,321.6,319.1,319.5,322.1,326.1,328.8,328,328.4,330.4,334.5,898,357
187,0,6.2,0.98,1,872.1,878.7,885.7,892.2,897.5,907.3,911.6,915.6,918.8,919.7,321.6,319.1,319.4,322,326,328.7,327.9,328.4,330.3,334.4,897.9,356.9
188,0,6.233,0.98,1,871.8,878.4,885.4,891.8,897.1,907,911.4,915.3,918.6,919.5,321.6,319.1,319.4,322,325.9,328.5,327.7,328.1,330,334.1,897.7,356.8
189,0,6.267,0.98,1,871.4,878.1,885.1,891.6,897,906.8,911.1,915.1,918.4,919.4,321.6,319.1,319.4,322,325.9,328.5,327.7,328.1,330,334.1,897.5,356.8
190,0,6.3,0.98,1,871,877.7,884.7,891.3,896.6,906.4,910.8,914.8,918.2,919.2,321.6,319.1,319.4,322,326,328.5,327.7,328.1,330,334.1,897.2,356.8
191,0,6.333,0.98,1,870.8,877.4,884.4,890.9,896.3,906.2,910.6,914.6,917.9,918.9,321.5,319,319.3,321.9,325.8,328.4,327.6,328,329.9,334,896.8,356.8
192,0,6.367,0.98,1,870.6,877.1,884.1,890.6,896,906.1,910.4,914.4,917.7,918.7,321.6,319,319.3,321.8,325.8,328.4,327.6,328,330,334.1,896.6,356.7
193,0,6.4,0.98,1,870.4,876.9,883.9,890.3,895.6,905.9,910.2,914.1,917.4,918.4,321.5,319,319.3,321.7,325.6,328.3,327.5,328,329.9,333.9,896.4,356.6
194,0,6.433,0.98,1,870.2,876.7,883.6,890,895.4,905.7,910,913.9,917.1,918.1,321.6,319,319.3,321.7,325.6,328.3,327.4,327.9,329.8,333.8,896.2,356.6
195,0,6.467,0.98,1,869.8,876.3,883.3,889.8,895.3,905.4,909.7,913.7,917,918,321.6,319.1,319.3,321.7,325.6,328.2,327.3,327.7,329.6,333.7,896.1,356.7
196,0,6.5,0.98,1,869.7,876.3,883.3,889.8,895.1,905.1,909.4,913.4,916.7,917.7,321.6,319,319.3,321.7,325.6,328.1,327.2,327.6,329.4,333.5,895.8,356.6
197,0,6.533,0.98,1,869.5,876,883.1,889.6,895,905,909.3,913.3,916.7,917.7,321.5,319,319.2,321.6,325.5,328,327.2,327.6,329.4,333.5,895.7,356.5
198,0,6.567,0.98,1,869.2,875.8,882.8,889.2,894.6,904.7,909,913,916.4,917.4,321.5,318.9,319.1,321.6,325.4,327.9,327,327.4,329.3,333.3,895.5,356.4
199,0,6.6,0.98,1,869,875.5,882.5,889.1,894.5,904.6,908.9,912.9,916.3,917.4,321.5,318.9,319.1,321.5,325.4,327.9,326.9,327.3,329.2,333.2,895.4,356.4
200,0,6.633,0.98,1,868.8,875.3,882.3,888.9,894.3,904.4,908.8,912.8,916.1,917.2,321.5,318.9,319.1,321.5,325.4,327.8,326.9,327.2,329,333.1,895.2,356.4
201,0,6.667,0.98,1,868.6,875.1,882.2,888.7,894.2,904.2,908.6,912.6,916,917.1,321.5,318.9,319,321.5,325.4,327.8,326.9,327.2,329.1,333.2,895,356.4
202,0,6.7,0.98,1,868.3,874.8,881.9,888.5,893.9,904,908.4,912.4,915.8,916.9,321.6,318.9,319,321.4,325.3,327.8,326.8,327.2,329,333.1,894.9,356.3
203,0,6.733,0.98,1,868.2,874.7,881.8,888.3,893.8,903.8,908.2,912.2,915.6,916.7,321.5,318.9,319,321.5,325.4,327.8,326.9,327.2,329.1,333.1,894.7,356.4
204,0,6.767,0.98,1,868.2,874.7,881.7,888.3,893.7,903.8,908.2,912.2,915.6,916.7,321.5,318.9,319,321.5,325.3,327.8,326.9,327.2,329,333.1,894.6,356.4
205,0,6.8,0.98,1,868.1,874.6,881.6,888.1,893.5,903.7,908.1,912.1,915.5,916.6,321.5,318.9,319,321.5,325.3,327.8,326.8,327.1,328.9,332.9,894.5,356.4
206,0,6.833,0.98,1,867.9,874.4,881.4,888,893.4,903.6,908,912,915.4,916.6,321.5,318.9,319.1,321.5,325.4,327.8,326.8,327.1,328.9,332.9,894.5,356.3
207,0,6.867,0.98,1,867.7,874.2,881.2,887.6,893.1,903.3,907.7,911.7,915.1,916.3,321.5,318.9,319.1,321.5,325.3,327.7,326.7,327,328.7,332.7,894.3,356.2
208,0,6.9,0.98,1,867.5,874,881,887.5,892.9,903.1,907.4,911.5,914.9,916.1,321.5,318.9,319.1,321.5,325.3,327.7,326.7,327,328.7,332.7,894.2,356.1
209,0,6.933,0.98,1,867.2,873.7,880.6,887.1,892.6,902.9,907.3,911.3,914.8,916,321.6,318.9,319.1,321.5,325.3,327.6,326.6,326.9,328.7,332.7,894,356.2
210,0,6.967,0.98,1,867.1,873.5,880.5,887,892.5,902.8,907.2,911.2,914.6,915.9,321.6,319,319.1,321.5,325.3,327.7,326.7,326.9,328.7,332.6,893.8,356.3
211,0,7,0.98,1,866.9,873.4,880.4,886.9,892.4,902.5,906.9,911,914.5,915.8,321.8,319.1,319.3,321.7,325.5,327.8,326.7,327,328.7,332.7,893.7,356.4
212,0,7.033,0.98,1,866.8,873.3,880.4,886.9,892.4,902.4,906.8,910.9,914.4,915.6,322,319.3,319.4,321.8,325.6,327.9,326.9,327.2,329,333,893.6,356.5
213,0,7.067,0.98,1,866.7,873.2,880.2,886.8,892.3,902.4,906.9,911,914.4,915.7,322,319.3,319.5,321.9,325.7,328,327,327.3,329.1,333.1,893.4,356.6
214,0,7.1,0.98,1,866.6,873.1,880.2,886.7,892.2,902.4,906.8,910.9,914.4,915.5,322.1,319.4,319.5,321.9,325.8,328.2,327.2,327.5,329.3,333.4,893.2,356.8
215,0,7.133,0.98,1,866.3,872.8,879.8,886.3,891.9,902.1,906.6,910.7,914.2,915.4,322.2,319.5,319.7,322,325.9,328.2,327.3,327.6,329.4,333.4,893,356.8
216,0,7.167,0.98,1,866.1,872.6,879.7,886.3,891.8,902,906.5,910.7,914.2,915.3,322.3,319.6,319.7,322.1,326,328.3,327.4,327.8,329.7,333.8,892.7,357.1
217,0,7.2,0.98,1,865.9,872.4,879.4,886,891.5,901.9,906.3,910.5,913.9,915.1,322.4,319.7,319.8,322.2,326,328.3,327.4,327.7,329.6,333.7,892.5,357.1
218,0,7.233,0.98,1,865.5,872,879,885.6,891.1,901.6,906.1,910.3,913.7,914.9,322.4,319.7,319.8,322.2,326,328.4,327.4,327.7,329.6,333.7,892.1,357.2
219,0,7.267,0.98,1,865.5,872,879,885.4,890.9,901.3,905.8,909.9,913.3,914.5,322.4,319.7,319.9,322.2,326,328.4,327.4,327.8,329.6,333.7,892,357.1
220,0,7.3,0.98,1,865.1,871.6,878.6,885.1,890.6,901.1,905.6,909.7,913.1,914.3,322.5,319.8,320,322.3,326.1,328.4,327.5,327.8,329.6,333.7,891.6,357.2
221,0,7.333,0.98,1,865,871.5,878.5,885.1,890.6,900.9,905.3,909.4,912.9,914,322.6,319.9,320,322.3,326.2,328.5,327.5,327.8,329.7,333.7,891.5,357.2
222,0,7.367,0.98,1,864.5,871,878,884.6,890.1,900.3,904.8,909,912.5,913.7,322.7,320,320.1,322.5,326.3,328.7,327.6,327.9,329.7,333.8,891.1,357.3
223,0,7.4,0.98,1,864.7,871,878,884.5,890,900.2,904.6,908.7,912.1,913.3,323.3,320.4,320.4,322.7,326.6,328.9,328,328.3,330.2,334.2,890.9,357.4
224,0,7.433,0.98,1,864.8,871,877.9,884.3,889.8,900.1,904.4,908.4,911.7,912.9,323.5,320.7,320.6,322.9,326.7,329.1,328.2,328.6,330.4,334.5,890.7,357.4
225,0,7.467,0.98,1,864.6,870.8,877.8,884.2,889.7,900.1,904.4,908.4,911.8,912.9,323.5,320.7,320.6,322.9,326.7,329.1,328.3,328.7,330.6,334.7,890.5,357.4
226,0,7.5,0.98,1,864.4,870.7,877.6,884.1,889.5,899.8,904.1,908.1,911.4,912.5,323.4,320.6,320.6,322.9,326.7,329,328.1,328.5,330.4,334.4,890.4,357.5
227,0,7.533,0.98,1,864.2,870.4,877.4,883.9,889.3,899.6,904,908.1,911.4,912.5,323.2,320.5,320.5,322.8,326.7,329,328,328.4,330.3,334.3,890.4,357.4
228,0,7.567,0.98,1,864,870.4,877.4,883.9,889.3,899.5,903.9,908,911.4,912.5,323.1,320.4,320.4,322.7,326.6,328.9,327.9,328.3,330.2,334.3,890.4,357.4
229,0,7.6,0.98,1,863.9,870.3,877.3,883.8,889.2,899.4,903.8,907.9,911.3,912.5,323,320.2,320.2,322.6,326.4,328.8,327.8,328.1,330,334.1,890.3,357.3
230,0,7.633,0.98,1,863.9,870.2,877.3,883.8,889.3,899.4,903.8,907.9,911.4,912.5,322.9,320.2,320.2,322.6,326.4,328.8,327.8,328.2,330.1,334.2,890.3,357.3
231,0,7.667,0.98,1,863.8,870.2,877.2,883.7,889.2,899.3,903.8,907.9,911.3,912.4,322.8,320.1,320.1,322.5,326.4,328.7,327.8,328.1,330,334.1,890.2,357.2
232,0,7.7,0.98,1,863.8,870.2,877.2,883.7,889.2,899.3,903.7,907.8,911.2,912.4,322.7,320,320.1,322.4,326.3,328.7,327.7,328.1,330,334.1,890.2,357.1
233,0,7.733,0.98,1,863.8,870.2,877.2,883.7,889.1,899.4,903.8,907.8,911.3,912.4,322.6,319.9,320,322.3,326.2,328.6,327.7,328,329.9,334,890.2,357.1
234,0,7.767,0.98,1,863.8,870.2,877.2,883.7,889.1,899.4,903.8,907.9,911.3,912.4,322.5,319.8,319.9,322.3,326.1,328.5,327.6,327.9,329.8,333.9,890.2,357
235,0,7.8,0.98,1,863.7,870.2,877.2,883.7,889.1,899.4,903.8,907.9,911.3,912.4,322.4,319.7,319.8,322.2,326.1,328.5,327.5,327.9,329.7,333.8,890.2,357
236,0,7.833,0.98,1,863.7,870.1,877.2,883.7,889.2,899.3,903.8,907.9,911.3,912.5,322.3,319.7,319.8,322.2,326.1,328.4,327.5,327.8,329.6,333.7,890.2,357.1
237,0,7.867,0.98,1,863.5,870,877,883.5,889,899.2,903.6,907.7,911.1,912.2,322.4,319.7,319.8,322.2,326,328.4,327.4,327.8,329.6,333.6,890.1,356.9
238,0,7.9,0.98,1,863.4,869.8,876.8,883.3,888.8,899,903.4,907.4,910.9,912,322.5,319.8,319.9,322.2,326.1,328.4,327.4,327.7,329.5,333.5,890.1,356.9
239,0,7.933,0.98,1,863.4,869.8,876.8,883.3,888.7,898.9,903.3,907.4,910.8,912,322.5,319.7,319.8,322.2,326.1,328.4,327.4,327.7,329.5,333.5,889.9,357
240,0,7.967,0.98,1,863.3,869.8,876.8,883.3,888.7,898.9,903.3,907.4,910.8,911.9,322.4,319.7,319.8,322.2,326.1,328.4,327.5,327.8,329.6,333.6,889.8,357
241,0,8,0.98,1,863.1,869.5,876.5,883,888.5,898.7,903.1,907.2,910.6,911.8,322.5,319.8,319.9,322.2,326.1,328.4,327.5,327.8,329.6,333.6,889.7,356.9
242,0,8.033,0.98,1,863,869.4,876.4,882.9,888.4,898.6,903,907,910.5,911.6,322.5,319.8,319.8,322.2,326,328.4,327.4,327.7,329.5,333.5,889.6,356.9
243,0,8.067,0.98,1,862.8,869.2,876.2,882.7,888.2,898.4,902.9,906.9,910.4,911.5,322.5,319.8,319.8,322.2,326,328.3,327.3,327.6,329.4,333.4,889.5,357
244,0,8.1,0.98,1,862.6,869,876,882.5,888,898.3,902.7,906.7,910.1,911.3,322.5,319.8,319.9,322.2,326,328.3,327.4,327.6,329.4,333.4,889.3,356.9
245,0,8.133,0.98,1,862.3,868.7,875.8,882.3,887.8,898.1,902.5,906.6,910,911.1,322.6,319.8,319.9,322.2,326.1,328.4,327.4,327.7,329.5,333.5,889.1,357
246,0,8.167,0.98,1,862.1,868.5,875.6,882.1,887.6,898,902.4,906.5,909.9,911,322.6,319.8,319.9,322.2,326,328.3,327.3,327.6,329.4,333.4,888.9,357
247,0,8.2,0.98,1,862.1,868.4,875.5,882,887.5,897.7,902.2,906.3,909.7,910.9,322.7,319.9,319.9,322.3,326.1,328.4,327.5,327.7,329.5,333.6,888.8,357
248,0,8.233,0.98,1,861.7,868.1,875.1,881.7,887.2,897.4,901.8,905.9,909.4,910.5,322.8,320,320,322.3,326.2,328.5,327.5,327.8,329.6,333.7,888.5,357.1
249,0,8.267,0.98,1,861.6,868,875.1,881.6,887.1,897.3,901.7,905.8,909.3,910.4,322.7,319.9,320,322.3,326.2,328.5,327.6,327.9,329.7,333.7,888.3,357.1
250,0,8.3,0.98,1,861.7,868.1,875.1,881.5,887,897,901.4,905.5,909,910.2,322.6,319.9,320,322.3,326.2,328.5,327.6,327.9,329.7,333.7,888.2,357
251,0,8.333,0.98,1,861.2,867.7,874.7,881.2,886.7,896.9,901.3,905.5,909,910.3,322.7,320.1,320.1,322.5,326.3,328.6,327.6,327.8,329.6,333.6,888.1,357.1
252,0,8.367,0.98,1,861.1,867.5,874.6,881.1,886.7,896.8,901.2,905.4,908.9,910.1,322.8,320.1,320.1,322.5,326.3,328.6,327.6,327.9,329.6,333.6,888,357.1
253,0,8.4,0.98,1,860.9,867.4,874.5,881,886.6,896.7,901.1,905.3,908.8,910.1,322.9,320.1,320.2,322.5,326.4,328.6,327.5,327.8,329.5,333.5,887.9,357.2
254,0,8.433,0.98,1,860.8,867.3,874.4,881,886.6,896.6,901.1,905.2,908.8,910,323,320.2,320.2,322.6,326.4,328.6,327.5,327.8,329.6,333.6,887.9,357.2
255,0,8.467,0.98,1,860.8,867.2,874.3,880.8,886.4,896.5,900.9,905.1,908.6,909.9,323,320.2,320.2,322.6,326.4,328.6,327.5,327.8,329.5,333.5,887.7,357.2
256,0,8.5,0.98,1,860.6,867.1,874.2,880.8,886.3,896.4,900.9,905.1,908.6,909.8,322.9,320.2,320.2,322.6,326.4,328.6,327.6,327.8,329.6,333.6,887.6,357.2
257,0,8.533,0.98,1,860.4,866.9,874,880.6,886.2,896.4,900.9,905.1,908.6,909.8,323,320.2,320.2,322.6,326.4,328.6,327.5,327.7,329.5,333.6,887.5,357.3
258,0,8.567,0.98,1,860.4,866.8,874,880.6,886.2,896.4,900.9,905,908.6,909.8,322.9,320.1,320.1,322.5,326.3,328.5,327.5,327.7,329.5,333.6,887.4,357.2
259,0,8.6,0.98,1,860.2,866.8,873.9,880.6,886.2,896.3,900.8,905,908.6,909.8,322.9,320.1,320.1,322.5,326.3,328.6,327.5,327.8,329.6,333.6,887.3,357.2
260,0,8.633,0.98,1,860.2,866.7,873.9,880.5,886.1,896.2,900.7,905,908.5,909.7,322.9,320.1,320.1,322.5,326.4,328.6,327.5,327.8,329.6,333.7,887.3,357.2
261,0,8.667,0.98,1,860.1,866.6,873.7,880.4,885.9,896.1,900.6,904.7,908.3,909.5,322.9,320.1,320.1,322.5,326.3,328.6,327.5,327.8,329.5,333.6,887.2,357.2
262,0,8.7,0.98,1,860,866.5,873.6,880.2,885.8,896,900.5,904.7,908.2,909.5,322.9,320.1,320.1,322.5,326.3,328.6,327.5,327.8,329.5,333.6,887.1,357.3
263,0,8.733,0.98,1,860,866.5,873.6,880.2,885.7,895.9,900.4,904.5,908.1,909.4,322.9,320.1,320.2,322.5,326.3,328.6,327.5,327.8,329.6,333.6,887.1,357.3
264,0,8.767,0.98,1,860.1,866.5,873.6,880.2,885.8,896,900.5,904.7,908.2,909.4,322.9,320.1,320.2,322.5,326.3,328.6,327.6,327.8,329.6,333.6,887.1,357.3
265,0,8.8,0.98,1,860,866.5,873.6,880.2,885.7,896,900.5,904.7,908.2,909.4,322.8,320.1,320.2,322.6,326.4,328.6,327.6,327.8,329.6,333.6,887,357.3
266,0,8.833,0.98,1,860,866.5,873.6,880.2,885.7,896,900.5,904.7,908.2,909.4,322.8,320.1,320.2,322.6,326.4,328.6,327.6,327.8,329.6,333.7,887,357.3
267,0,8.867,0.98,1,860,866.5,873.6,880.1,885.7,896,900.5,904.6,908.2,909.4,322.8,320.1,320.2,322.6,326.4,328.6,327.6,327.8,329.6,333.6,887,357.3
268,0,8.9,0.98,1,860.1,866.6,873.6,880.1,885.6,896,900.4,904.6,908.1,909.3,322.8,320.1,320.2,322.6,326.3,328.6,327.5,327.8,329.6,333.5,887,357.3
269,0,8.933,0.98,1,860.1,866.6,873.6,880.1,885.6,895.9,900.4,904.5,908.1,909.3,322.8,320.1,320.2,322.5,326.3,328.6,327.6,327.8,329.6,333.6,887,357.3
270,0,8.967,0.98,1,860.1,866.5,873.6,880.1,885.6,895.9,900.4,904.5,908.1,909.3,322.8,320.1,320.2,322.5,326.3,328.6,327.6,327.9,329.7,333.7,887,357.3
271,0,9,0.98,1,860.1,866.6,873.6,880.2,885.6,895.9,900.4,904.5,908.1,909.3,322.9,320.2,320.3,322.7,326.5,328.7,327.7,328,329.7,333.8,886.9,357.4
272,0,9.033,0.98,1,860.1,866.6,873.6,880.2,885.7,895.9,900.4,904.5,908,909.3,323,320.3,320.3,322.7,326.5,328.8,327.7,328,329.8,333.8,886.9,357.4
273,0,9.067,0.98,1,860.1,866.6,873.6,880.2,885.7,895.9,900.4,904.5,908,909.3,323,320.3,320.4,322.7,326.5,328.8,327.7,328,329.7,333.7,886.9,357.5
274,0,9.1,0.98,1,859.9,866.5,873.6,880.2,885.7,896,900.4,904.6,908.1,909.4,323,320.3,320.4,322.7,326.5,328.8,327.7,328,329.7,333.8,887,357.5
275,0,9.133,0.98,1,860,866.5,873.6,880.2,885.7,895.9,900.4,904.6,908.1,909.4,323,320.3,320.4,322.7,326.6,328.8,327.8,328,329.7,333.7,887,357.6
276,0,9.167,0.98,1,860,866.5,873.6,880.1,885.7,896,900.5,904.6,908.1,909.4,323,320.3,320.4,322.8,326.6,328.8,327.8,328,329.8,333.8,887,357.6
277,0,9.2,0.98,1,860.1,866.6,873.6,880.1,885.7,896,900.5,904.6,908.1,909.3,323.1,320.4,320.5,322.8,326.6,328.9,327.9,328.2,330,334,886.9,357.6
278,0,9.233,0.98,1,860.2,866.7,873.7,880.2,885.7,896.1,900.5,904.6,908.1,909.3,323.1,320.4,320.5,322.8,326.6,328.9,327.9,328.2,330,333.9,886.9,357.6
279,0,9.267,0.98,1,860.2,866.6,873.7,880.2,885.7,896,900.5,904.6,908.1,909.4,323.1,320.4,320.5,322.8,326.6,328.9,327.9,328.2,329.9,333.9,886.9,357.6
280,0,9.3,0.98,1,860.1,866.6,873.6,880.1,885.6,896,900.4,904.6,908.1,909.4,323.1,320.4,320.5,322.8,326.6,328.9,327.9,328.2,329.9,333.9,886.9,357.7
281,0,9.333,0.98,1,860.2,866.7,873.7,880.2,885.7,896.2,900.6,904.7,908.2,909.5,323.1,320.4,320.5,322.8,326.6,328.9,327.9,328.2,329.9,333.9,886.9,357.7
282,0,9.367,0.98,1,860.2,866.7,873.7,880.2,885.7,896.3,900.8,904.9,908.4,909.5,323.1,320.4,320.5,322.8,326.6,328.9,327.9,328.2,329.9,333.9,886.9,357.8
283,0,9.4,0.98,1,860.1,866.6,873.7,880.1,885.6,896.2,900.6,904.8,908.3,909.5,323.2,320.6,320.7,323,326.8,329.1,328.1,328.3,330,334,887,357.9
284,0,9.433,0.98,1,860.1,866.6,873.6,880.1,885.6,896.2,900.6,904.8,908.3,909.5,323.2,320.6,320.7,323.1,326.9,329.2,328.2,328.4,330.1,334,886.9,357.9
285,0,9.467,0.98,1,860,866.5,873.6,880.1,885.6,896.2,900.7,904.8,908.3,909.5,323.3,320.7,320.8,323.2,326.9,329.2,328.2,328.4,330.2,334.1,887,358
286,0,9.5,0.98,1,860,866.5,873.5,880,885.6,896.2,900.6,904.8,908.3,909.5,323.4,320.7,320.8,323.2,327,329.2,328.2,328.4,330.1,334.1,886.9,358
287,0,9.533,0.98,1,859.8,866.3,873.4,880,885.5,896.1,900.6,904.8,908.3,909.5,323.4,320.7,320.8,323.2,327,329.2,328.2,328.4,330.1,334.1,886.9,358
288,0,9.567,0.98,1,859.9,866.4,873.4,880,885.5,896.1,900.6,904.8,908.3,909.5,323.4,320.8,320.9,323.2,326.9,329.2,328.1,328.4,330.1,334.1,886.8,358.1
289,0,9.6,0.98,1,859.7,866.2,873.4,880,885.5,895.9,900.5,904.7,908.2,909.4,323.6,320.9,321,323.3,327.1,329.2,328.2,328.4,330.1,334.2,886.7,358.2
290,0,9.633,0.98,1,859.7,866.2,873.3,879.9,885.5,895.9,900.4,904.6,908.2,909.4,323.7,320.9,321,323.3,327.1,329.2,328.1,328.3,330.1,334.2,886.7,358.2
291,0,9.667,0.98,1,859.7,866.2,873.3,879.9,885.5,895.9,900.5,904.7,908.2,909.4,323.6,320.9,321,323.3,327.1,329.2,328.1,328.3,330.1,334.2,886.7,358.2
292,0,9.7,0.98,1,859.7,866.2,873.3,880,885.5,895.9,900.5,904.7,908.3,909.5,323.6,320.9,320.9,323.3,327.1,329.2,328.2,328.4,330.2,334.2,886.7,358.2
293,0,9.733,0.98,1,859.7,866.3,873.4,880,885.5,895.9,900.5,904.7,908.3,909.4,323.6,320.9,321,323.3,327.1,329.3,328.2,328.4,330.2,334.2,886.7,358.2
294,0,9.767,0.98,1,859.8,866.3,873.4,880,885.5,895.9,900.5,904.7,908.2,909.4,323.6,320.9,321,323.3,327.1,329.3,328.2,328.4,330.2,334.3,886.7,358.2
295,0,9.8,0.98,1,859.7,866.2,873.3,879.9,885.5,895.9,900.4,904.7,908.2,909.4,323.6,320.9,321,323.3,327.1,329.3,328.2,328.4,330.2,334.2,886.7,358.2
296,0,9.833,0.98,1,859.6,866.1,873.2,879.8,885.4,895.8,900.3,904.6,908.1,909.3,323.7,321,321,323.3,327.1,329.2,328.2,328.4,330.1,334.2,886.7,358.2
297,0,9.867,0.98,1,859.6,866,873.1,879.7,885.3,895.8,900.3,904.5,908.1,909.3,323.7,321,321,323.3,327.1,329.3,328.2,328.4,330.1,334.1,886.7,358.2
298,0,9.9,0.98,1,859.5,866,873.1,879.7,885.3,895.7,900.2,904.4,908,909.3,323.8,321,321.1,323.4,327.1,329.3,328.2,328.4,330.1,334.1,886.6,358.3
299,0,9.933,0.98,1,859.5,866,873,879.6,885.2,895.7,900.2,904.4,908,909.2,323.8,321.1,321.1,323.4,327.1,329.3,328.2,328.3,330.1,334.1,886.6,358.3
300,0,9.967,0.98,1,859.4,865.9,873,879.6,885.2,895.6,900.1,904.3,907.9,909.2,323.8,321.1,321.1,323.4,327.2,329.3,328.2,328.4,330.1,334.1,886.6,358.3
301,0,10,0.98,1,859.4,865.9,873,879.6,885.2,895.5,900,904.2,907.8,909,323.9,321.1,321.1,323.5,327.2,329.3,328.2,328.3,330,334,886.7,358.3
302,0,10.033,0.98,1,859.4,865.8,872.9,879.6,885.2,895.4,900,904.2,907.8,909,324,321.1,321.1,323.4,327.2,329.3,328.2,328.3,330,334,886.7,358.2
303,0,10.067,0.98,1,859.4,865.9,873,879.7,885.2,895.5,900,904.2,907.8,909.1,323.9,321.1,321.2,323.5,327.2,329.3,328.2,328.3,330,334,886.7,358.2
304,0,10.1,0.98,1,859.7,866.2,873.2,879.8,885.3,895.6,900.2,904.3,907.9,909.1,323.9,321.1,321.2,323.5,327.2,329.3,328.2,328.3,330,334,886.7,358.2
305,0,10.133,0.98,1,859.8,866.3,873.4,879.9,885.5,895.8,900.4,904.5,908.1,909.3,323.9,321.1,321.1,323.5,327.2,329.3,328.2,328.3,330.1,334,886.9,358.2
306,0,10.167,0.98,1,859.8,866.3,873.4,880,885.6,895.9,900.4,904.6,908.2,909.3,323.9,321.1,321.1,323.4,327.1,329.2,328.1,328.3,330.1,334.1,887,358.1
307,0,10.2,0.98,1,860,866.4,873.5,880.1,885.7,895.9,900.4,904.6,908.2,909.4,323.9,321.1,321.1,323.4,327.1,329.2,328.1,328.3,330,334,887.1,358
308,0,10.233,0.98,1,860.2,866.6,873.7,880.3,885.8,896,900.5,904.7,908.3,909.5,323.8,321,321,323.3,327.1,329.2,328.1,328.3,330,334,887.2,358
309,0,10.267,0.98,1,860.4,866.9,873.9,880.5,886,896.1,900.6,904.8,908.4,909.6,323.7,320.9,321,323.3,327.1,329.2,328.1,328.2,329.9,333.9,887.4,357.9
310,0,10.3,0.98,1,860.5,866.9,873.9,880.5,886,896.2,900.7,904.9,908.4,909.7,323.6,320.8,320.8,323.1,326.9,329,327.9,328.1,329.8,333.8,887.5,357.9
311,0,10.333,0.98,1,860.6,867,874.1,880.6,886.2,896.3,900.8,904.9,908.5,909.8,323.6,320.8,320.8,323.1,326.9,329,328,328.1,329.8,333.8,887.6,357.8
312,0,10.367,0.98,1,860.8,867.2,874.2,880.8,886.3,896.7,901.2,905.3,908.8,910.1,323.5,320.7,320.7,323,326.8,329,327.9,328.2,329.9,333.9,887.7,357.8
313,0,10.4,0.98,1,861,867.4,874.4,881,886.5,896.8,901.3,905.5,909,910.1,323.5,320.7,320.7,323,326.8,329,327.9,328.1,329.8,333.8,887.9,357.7
314,0,10.433,0.98,1,861,867.5,874.5,881.1,886.7,897,901.4,905.6,909.1,910.3,323.5,320.7,320.7,323.1,326.8,329,327.9,328.1,329.8,333.8,888,357.7
315,0,10.467,0.98,1,861.4,867.8,874.8,881.3,886.8,897.1,901.6,905.7,909.2,910.4,323.5,320.8,320.8,323.1,326.8,329,327.9,328.1,329.9,333.8,888.3,357.8
316,0,10.5,0.98,1,861.6,868,875,881.4,886.9,897.2,901.7,905.8,909.3,910.5,323.5,320.7,320.8,323.1,326.8,329,328,328.2,329.9,333.8,888.3,357.7
317,0,10.533,0.98,1,861.7,868.1,875.1,881.6,887.1,897.3,901.8,905.9,909.4,910.6,323.4,320.7,320.7,323.1,326.8,329,328,328.2,330,333.9,888.4,357.8
318,0,10.567,0.98,1,861.8,868.2,875.2,881.7,887.2,897.4,901.9,906,909.6,910.8,323.5,320.7,320.8,323.1,326.9,329.1,328,328.2,330,333.9,888.5,357.8
319,0,10.6,0.98,1,861.9,868.3,875.3,881.8,887.2,897.5,902,906.1,909.6,910.8,323.4,320.7,320.7,323.1,326.9,329.1,328.1,328.3,330,334,888.5,357.8
320,0,10.633,0.98,1,862,868.4,875.4,881.9,887.3,897.6,902.1,906.2,909.7,910.9,323.3,320.6,320.7,323.1,326.9,329.1,328.1,328.3,330,334,888.6,357.8
321,0,10.667,0.98,1,862,868.4,875.4,881.9,887.4,897.7,902.2,906.3,909.8,911,323.4,320.7,320.8,323.1,326.9,329.2,328.1,328.4,330.1,334,888.6,357.9
322,0,10.7,0.98,1,862.1,868.5,875.5,881.9,887.4,897.7,902.2,906.3,909.8,911,323.4,320.8,320.8,323.2,326.9,329.2,328.2,328.4,330.1,334.1,888.6,357.9
323,0,10.733,0.98,1,862,868.4,875.4,881.9,887.4,897.8,902.2,906.4,909.9,911.1,323.5,320.8,320.9,323.2,327,329.2,328.2,328.4,330.1,334.1,888.6,358
324,0,10.767,0.98,1,862,868.4,875.4,881.9,887.4,897.8,902.3,906.4,909.9,911,323.6,320.9,320.9,323.2,327,329.2,328.2,328.4,330.1,334.1,888.7,358.1
325,0,10.8,0.98,1,861.9,868.4,875.4,882,887.5,897.8,902.3,906.4,909.9,911,323.7,321,321,323.4,327.2,329.4,328.3,328.5,330.2,334.2,888.7,358.2
326,0,10.833,0.98,1,861.9,868.3,875.4,882,887.5,897.8,902.3,906.4,909.9,911,323.8,321,321.1,323.4,327.2,329.4,328.3,328.5,330.2,334.1,888.8,358.2
327,0,10.867,0.98,1,861.9,868.3,875.4,882,887.6,897.7,902.2,906.4,909.9,911,323.8,321.1,321.1,323.5,327.3,329.5,328.4,328.6,330.3,334.2,888.7,358.3
328,0,10.9,0.98,1,861.9,868.3,875.4,882,887.6,897.7,902.3,906.5,910,911.1,323.9,321.1,321.2,323.5,327.4,329.5,328.4,328.6,330.4,334.4,888.8,358.3
329,0,10.933,0.98,1,861.9,868.3,875.4,882,887.6,897.8,902.3,906.5,909.9,911.1,323.9,321.1,321.2,323.6,327.4,329.6,328.5,328.6,330.4,334.3,888.8,358.4
330,0,10.967,0.98,1,861.9,868.4,875.5,882,887.6,897.8,902.3,906.5,910,911.1,323.9,321.2,321.2,323.6,327.4,329.5,328.4,328.6,330.3,334.2,888.8,358.4
331,0,11,0.98,1,861.9,868.4,875.5,882,887.6,897.7,902.2,906.4,909.9,911,323.9,321.2,321.3,323.6,327.4,329.6,328.4,328.6,330.3,334.2,888.8,358.4
332,0,11.033,0.98,1,861.9,868.4,875.5,882.1,887.6,897.7,902.2,906.3,909.8,911,324,321.2,321.3,323.7,327.5,329.6,328.4,328.6,330.3,334.3,888.8,358.4
333,0,11.067,0.98,1,861.8,868.3,875.3,881.9,887.5,897.6,902.1,906.3,909.8,910.9,324,321.3,321.3,323.7,327.5,329.6,328.5,328.6,330.3,334.3,888.7,358.4
334,0,11.1,0.98,1,861.6,868.1,875.2,881.8,887.3,897.2,901.7,905.9,909.5,910.7,324.2,321.4,321.5,323.8,327.6,329.7,328.6,328.8,330.5,334.5,888.6,358.4
335,0,11.133,0.98,1,861.3,867.6,874.7,881.2,886.8,896.8,901.3,905.5,909,910.2,324.6,321.8,321.7,324,327.8,329.8,328.7,328.9,330.6,334.6,888.2,358.5
336,0,11.167,0.98,1,861.1,867.4,874.4,881,886.6,896.7,901.2,905.3,908.8,910.1,325.1,322.1,321.9,324.2,327.9,329.9,328.8,329,330.7,334.7,888.2,358.5
337,0,11.2,0.98,1,861,867.2,874.1,880.6,886.2,896.5,900.9,905,908.5,909.9,325,322.1,321.9,324,327.6,329.6,328.6,328.9,330.6,334.6,887.7,358.3
338,0,11.233,0.98,1,860.3,866.4,873.3,879.8,885.4,895.6,900.1,904.3,907.9,909.4,324.8,321.9,321.6,323.7,327.2,329.1,328.1,328.3,330,333.9,887.1,357.8
339,0,11.267,0.98,1,858.9,865.1,872,878.4,884,894.6,899.1,903.3,907.1,908.7,324.3,321.4,321.2,323.2,326.5,328.4,327.3,327.4,329.1,333,886.4,357.3
340,0,11.3,0.98,1,857.8,863.9,870.8,877.2,882.8,893.5,898.1,902.5,906.3,908.2,324.1,321.1,320.8,322.7,325.9,327.6,326.4,326.5,328.2,332.1,885.6,356.7
341,0,11.333,0.98,1,856.1,862.3,869.2,875.7,881.4,892,896.8,901.3,905.4,907.4,323.8,320.6,320.3,322.1,325.3,326.8,325.5,325.6,327.2,331.1,884.5,356.1
342,0,11.367,0.98,1,854.7,860.7,867.6,874.2,879.9,890.4,895.3,900,904.3,906.6,323.7,320.5,320,321.7,324.8,326.1,324.8,324.8,326.4,330.4,883.3,355.5
343,0,11.4,0.98,1,852.5,858.5,865.5,872.2,878,888.8,893.9,898.8,903.3,905.8,323.8,320.3,319.8,321.4,324.4,325.5,324,323.9,325.4,329.5,882.1,355
344,0,11.433,0.98,1,850.8,856.7,863.6,870.1,876,887.1,892.2,897.2,901.9,904.6,323.9,320.4,319.8,321.2,324,324.8,323.3,323.1,324.7,328.7,880.7,354.4
345,0,11.467,0.98,1,849.1,855,861.9,868.6,874.5,885.3,890.5,895.7,900.5,903.3,324.2,320.5,319.7,321,323.7,324.4,322.7,322.5,323.9,328,879.6,353.9
346,0,11.5,0.98,1,847,852.7,859.5,866.2,872.2,883.2,888.5,893.7,898.7,901.6,324.5,320.7,319.7,320.8,323.4,323.9,322.1,321.8,323.1,327.1,878,353.4
347,0,11.533,0.98,1,844.9,850.2,856.7,863.2,869,880.8,886.1,891.4,896.5,899.8,325,321.1,319.9,320.7,323,323.1,321.4,320.9,322.2,325.9,875.6,353.1
348,0,11.567,0.98,1,842.6,847.7,854.1,860.6,866.4,878.1,883.6,889,894.3,898,325.5,321.5,320.3,321,323,322.9,321,320.5,321.7,325.4,873.4,352.9
349,0,11.6,0.98,1,839.5,844.3,850.7,857.1,863.1,874.9,880.5,886.1,891.7,895.7,326.4,322.2,320.8,321.3,323.2,322.8,320.6,320,321,324.7,870.6,353
350,0,11.633,0.98,1,836.7,841.1,847.3,853.7,859.6,871.2,876.9,882.6,888.4,892.7,327.7,323.4,321.7,322,323.8,322.9,320.5,319.6,320.5,324,867.9,353
351,0,11.667,0.98,1,833.2,837.4,843.4,849.7,855.6,867,872.8,878.7,884.8,889.5,329.5,324.9,323,322.9,324.4,323,320.3,319.2,319.7,323.1,864.7,353.3
352,0,11.7,0.98,1,830.1,833.9,839.6,845.7,851.5,863,868.7,874.7,880.9,886,331.3,326.6,324.4,324.1,325.2,323.2,320.3,318.9,319.1,322.2,861.8,353.8
353,0,11.733,0.98,1,827,830.3,835.7,841.6,847.2,858.5,864.1,870,876.3,881.6,334,329.1,326.7,326.1,326.9,324.1,320.7,318.8,318.7,321.4,859,354.6
354,0,11.767,0.98,1,823.6,826.4,831.6,837.4,843.1,853.9,859.3,865.3,871.7,877.3,337.3,332.3,329.5,328.5,329,325.4,321.6,319.2,318.7,321.1,856.5,355.9
355,0,11.8,0.98,1,820.9,823.2,828.1,833.6,839.2,849.6,854.9,860.8,867.3,873.1,340.8,335.7,332.6,331.3,331.4,327.1,322.9,320.1,319.1,321.2,854.1,357.5
356,0,11.833,0.98,1,818.2,820.1,824.7,830.1,835.6,845.4,850.4,856.3,862.9,869.1,344.4,339.1,335.9,334.3,334.2,329.4,324.8,321.5,320,321.5,851.4,359.3
357,0,11.867,0.98,1,815.9,817.6,822,827.2,832.5,841.9,846.7,852.4,859,865.4,347.4,342.2,338.9,337.1,336.8,331.7,326.8,323.3,321.5,322.7,849.1,361.2
358,0,11.9,0.98,1,814,815.5,819.7,824.8,830,839.2,843.8,849.4,855.9,862.4,349.6,344.3,340.9,339,338.5,333.1,328.1,324.5,322.5,323.5,847.2,362.4
359,0,11.933,0.98,1,812.4,813.7,817.9,822.9,828,837,841.5,846.9,853.3,859.7,351.1,345.9,342.4,340.4,339.7,334.1,329,325.2,323.1,323.9,845.8,363.3
360,0,11.967,0.98,1,810.6,812,816.1,820.9,826,834.8,839.2,844.5,850.8,857.2,352.2,347,343.5,341.4,340.7,334.9,329.8,326,323.7,324.3,844,363.9
361,0,12,0.98,1,808.8,809.8,813.7,818.5,823.6,832.5,836.8,842.2,848.5,855,353.8,348.5,344.8,342.6,341.7,335.7,330.5,326.5,324.1,324.7,842.3,364.5
362,0,12.033,0.98,1,807.1,808,811.8,816.5,821.6,830.4,834.6,839.9,846.1,852.6,354.8,349.5,345.8,343.4,342.5,336.3,331.1,327,324.6,325,840.5,364.9
363,0,12.067,0.98,1,805.5,806.2,809.9,814.5,819.5,828.2,832.3,837.5,843.7,850.1,356.1,350.7,346.9,344.4,343.3,336.9,331.6,327.5,324.9,325.2,838.8,365.2
364,0,12.1,0.98,1,804,804.5,808,812.5,817.4,825.8,829.8,834.9,841.1,847.5,357.2,351.8,347.9,345.3,344.1,337.6,332.2,328,325.4,325.6,837,365.6
365,0,12.133,0.98,1,802.4,802.8,806.2,810.7,815.5,823.9,827.8,832.9,838.9,845.4,358,352.6,348.6,345.9,344.7,338,332.6,328.3,325.6,325.7,835.4,365.9
366,0,12.167,0.98,1,801.1,801.3,804.7,809.1,813.9,822,825.9,831,837.2,843.7,358.8,353.3,349.2,346.4,345,338.3,332.7,328.4,325.6,325.6,833.8,365.9
367,0,12.2,0.98,1,799.8,800.1,803.4,807.7,812.5,820.6,824.4,829.3,835.4,841.9,359,353.6,349.6,346.8,345.5,338.6,333,328.6,325.7,325.6,832.6,366.1
368,0,12.233,0.98,1,799,799.2,802.5,806.7,811.4,819.4,823.2,828.1,834.2,840.7,359.2,353.7,349.7,346.9,345.5,338.6,333,328.6,325.7,325.6,831.6,366.1
369,0,12.267,0.98,1,798.4,798.6,801.9,806.2,810.9,818.8,822.5,827.5,833.5,840.1,359.3,353.9,349.9,347.1,345.6,338.7,333.1,328.6,325.7,325.6,831,366.1
370,0,12.3,0.98,1,798.2,798.3,801.5,805.8,810.5,818.4,822,827,833,839.6,359.4,354,349.9,347.1,345.7,338.8,333.2,328.7,325.8,325.7,830.5,366.1
371,0,12.333,0.98,1,798,798.2,801.4,805.8,810.5,818.5,822.2,827.1,833.2,839.7,359.4,354,349.9,347.1,345.7,338.8,333.2,328.7,325.8,325.6,830.6,366.1
372,0,12.367,0.98,1,798.2,798.4,801.7,806.1,810.9,818.9,822.6,827.6,833.6,840.2,359.2,353.8,349.8,347.1,345.7,338.9,333.2,328.8,325.9,325.7,830.9,366.3
373,0,12.4,0.98,1,798.9,799,802.3,806.7,811.6,819.6,823.4,828.4,834.5,841,359.4,354,349.9,347.2,345.7,338.9,333.2,328.8,325.9,325.8,831.7,366.2
374,0,12.433,0.98,1,799.6,799.8,803.2,807.7,812.6,820.6,824.4,829.4,835.5,842.1,359,353.7,349.7,347,345.6,338.8,333.2,328.8,325.9,325.7,832.7,366.2
375,0,12.467,0.98,1,800.7,801.1,804.5,809.1,813.9,822.1,825.9,830.9,836.9,843.5,358.5,353.2,349.3,346.6,345.2,338.5,332.8,328.5,325.7,325.6,834,366
376,0,12.5,0.98,1,802,802.5,806,810.5,815.4,823.7,827.5,832.5,838.6,845.1,358.1,352.8,349,346.2,344.9,338,332.5,328.1,325.4,325.3,835.4,365.6
377,0,12.533,0.98,1,803.6,804.1,807.7,812.2,817.1,825.5,829.3,834.4,840.5,847,357.5,352.2,348.4,345.7,344.4,337.6,332.1,327.8,325.1,325.1,837,365.5
378,0,12.567,0.98,1,805.4,806,809.7,814.2,819.1,827.5,831.4,836.4,842.4,848.9,356.6,351.3,347.5,344.9,343.6,336.9,331.5,327.3,324.6,324.7,838.7,364.9
379,0,12.6,0.98,1,807.5,808.3,812,816.5,821.4,829.9,833.9,839,845,851.4,355.6,350.2,346.4,343.8,342.6,335.9,330.6,326.5,323.9,324,840.9,363.9
380,0,12.633,0.98,1,809.5,810.3,814,818.8,823.8,832.5,836.6,841.7,847.9,854.4,354.6,349.1,345.2,342.6,341.4,335,329.6,325.6,323,323.3,843.2,363.2
381,0,12.667,0.98,1,811.8,812.6,816.5,821.3,826.3,835.3,839.4,844.6,850.7,857.1,353.5,348,344.1,341.5,340.3,333.9,328.6,324.7,322.2,322.7,845.6,362.3
382,0,12.7,0.98,1,814.2,815.3,819.3,824.2,829.3,838.5,842.7,847.9,854,860.3,352.3,346.7,342.8,340.2,339,332.5,327.4,323.5,321.3,321.9,848.7,361.2
383,0,12.733,0.98,1,816.8,818,821.9,827,832.3,841.7,845.9,851.1,857.2,863.3,351.3,345.7,341.6,339,337.9,331.4,326.3,322.5,320.4,321.1,851.8,360.1
384,0,12.767,0.98,1,819.4,820.6,824.7,829.8,835.3,844.9,849.2,854.4,860.5,866.6,350.2,344.5,340.4,337.9,336.7,330.3,325.3,321.6,319.5,320.4,854.8,359.2
385,0,12.8,0.98,1,822.3,823.9,828.1,833.3,838.8,848.4,852.7,857.9,863.8,869.8,348.6,343,339,336.5,335.5,329.2,324.3,320.6,318.6,319.6,858.2,358.1
386,0,12.833,0.98,1,825.4,826.9,831.2,836.6,842.1,852,856.4,861.5,867.5,873.4,347.4,341.6,337.5,335,333.9,327.7,322.9,319.3,317.5,318.6,861.4,356.6
387,0,12.867,0.98,1,828.4,830.2,834.6,839.9,845.5,855.6,859.9,865,870.9,876.6,345.8,339.9,335.8,333.3,332.2,326,321.4,318.1,316.4,317.7,864.7,355.1
388,0,12.9,0.98,1,831.3,833.2,837.7,843.2,848.8,859.1,863.4,868.5,874.3,879.9,344.4,338.5,334.3,331.7,330.5,324.5,320,316.8,315.3,316.7,868.2,353.6
389,0,12.933,0.98,1,834.1,836.2,840.8,846.4,852.1,862.6,866.9,871.9,877.6,883.2,342.6,336.7,332.5,330,328.9,323,318.6,315.6,314.2,315.8,871.3,352.2
390,0,12.967,0.98,1,836.8,839.1,844,849.7,855.5,865.9,870.3,875.3,881,886.5,341,335,330.9,328.4,327.4,321.7,317.4,314.5,313.2,315,874.4,350.8
391,0,13,0.98,1,839.4,841.8,846.8,852.7,858.5,869,873.2,878.2,883.8,889.2,339.5,333.5,329.5,327,326.1,320.6,316.4,313.6,312.5,314.3,877.4,349.7
392,0,13.033,0.98,1,841.9,844.5,849.6,855.4,861.3,871.7,876,880.9,886.4,891.7,338.1,332.3,328.4,326,325.1,319.8,315.7,313,312,313.9,879.8,348.8
393,0,13.067,0.98,1,843.8,846.6,851.8,857.8,863.8,874.2,878.5,883.4,889,894.2,337.4,331.6,327.7,325.4,324.6,319.4,315.3,312.8,311.9,313.9,881.9,348.5
394,0,13.1,0.98,1,846,849,854.3,860.3,866.3,876.7,881,885.8,891.3,896.4,336.4,330.8,327.2,325,324.3,319.3,315.3,312.7,311.9,313.8,883.9,348.4
395,0,13.133,0.98,1,847.9,850.9,856.3,862.4,868.4,878.8,883.2,888,893.4,898.5,336,330.4,326.8,324.6,324,319.2,315.3,312.8,312,313.9,885.8,348.3
396,0,13.167,0.98,1,849.4,852.5,858,864.2,870.3,880.8,885.1,890,895.4,900.5,335.7,330,326.4,324.3,323.7,319,315.1,312.7,311.9,314,887.6,348.3
397,0,13.2,0.98,1,851.1,854.4,859.9,866.2,872.4,882.8,887.3,892.2,897.7,902.8,335.1,329.4,325.8,323.8,323.3,318.8,315,312.6,312,314.3,889.2,348.2
398,0,13.233,0.98,1,852.7,855.9,861.5,867.9,874,884.4,889,893.9,899.4,904.4,334.5,328.9,325.3,323.3,322.9,318.6,314.8,312.6,312.1,314.5,890.6,348
399,0,13.267,0.98,1,854.2,857.5,863.2,869.5,875.7,886.3,890.8,895.8,901.3,906.3,334.2,328.5,325.1,323.2,322.9,318.6,314.9,312.7,312.3,314.7,891.9,348
400,0,13.3,0.98,1,855.6,859,864.7,871.1,877.2,887.9,892.5,897.5,903,907.9,333.8,328.2,324.8,323,322.8,318.7,315.1,313,312.7,315.3,893,348
401,0,13.333,0.98,1,857,860.5,866.3,872.7,878.8,889.7,894.3,899.4,904.9,909.8,333.1,327.5,324.2,322.6,322.5,318.7,315.2,313.3,313.1,315.8,894.1,348.1
402,0,13.367,0.98,1,858.2,861.8,867.6,874,880.2,891,895.8,900.9,906.5,911.3,332.1,326.6,323.4,322,322.1,318.6,315.2,313.4,313.4,316.2,894.7,348.1
403,0,13.4,0.98,1,859.3,863.1,869,875.4,881.6,892.6,897.5,902.7,908.2,913,331.1,325.7,322.7,321.4,321.6,318.4,315.2,313.5,313.5,316.3,895.6,348
404,0,13.433,0.98,1,860.7,864.5,870.4,876.9,883.1,894.2,899.1,904.4,909.9,914.6,330.1,324.7,321.7,320.6,321,318.1,315.1,313.6,313.7,316.7,896.4,347.7
405,0,13.467,0.98,1,862.3,866.3,872.3,878.7,884.8,895.9,900.9,906.2,911.7,916.2,328.7,323.4,320.6,319.7,320.3,317.9,315,313.7,314,317.2,897.2,347.4
406,0,13.5,0.98,1,863.6,867.7,873.8,880.2,886.3,897.4,902.5,907.8,913.3,917.7,327.7,322.6,320,319.2,320,317.8,315.1,313.9,314.4,317.6,898,347.3
407,0,13.533,0.98,1,864.8,869,875.1,881.6,887.7,898.9,904,909.3,914.7,919.1,326.9,321.9,319.4,318.7,319.6,317.6,315,313.9,314.5,317.7,899.1,346.9
408,0,13.567,0.98,1,866.1,870.5,876.7,883.2,889.3,900.3,905.4,910.7,916.1,920.4,326.2,321.3,319,318.5,319.5,317.7,315.1,314,314.6,318,900.1,347
409,0,13.6,0.98,1,866.8,871.3,877.6,884.1,890.2,901.4,906.6,911.9,917.4,921.8,326.1,321.2,318.9,318.5,319.5,317.7,315.1,314,314.7,318.1,901,347
410,0,13.633,0.98,1,867.8,872.2,878.5,885.1,891.2,902.2,907.4,912.7,918.2,922.5,326.1,321.3,319,318.5,319.5,317.8,315.2,314.2,315,318.4,901.8,347
411,0,13.667,0.98,1,868.5,873.1,879.4,886.1,892.2,903,908,913.3,918.6,922.9,326.2,321.4,319.2,318.8,320,318.3,315.7,314.6,315.2,318.6,903,347.2
412,0,13.7,0.98,1,869.4,874,880.4,887,893.2,903.8,908.8,914.1,919.4,923.6,326.4,321.6,319.4,319,320.3,318.6,315.9,314.8,315.5,318.8,903.9,347.4
413,0,13.733,0.98,1,869.8,874.5,880.9,887.6,893.8,904.5,909.4,914.6,919.9,924,326.7,321.8,319.5,319.2,320.4,318.8,316.1,314.9,315.5,318.8,904.7,347.6
414,0,13.767,0.98,1,870.5,875.2,881.6,888.3,894.5,905,909.9,915.1,920.3,924.3,326.8,321.9,319.6,319.3,320.6,319,316.3,315.2,315.7,319.1,905.3,347.9
415,0,13.8,0.98,1,870.8,875.5,882,888.6,894.9,905.4,910.4,915.5,920.8,924.8,327.2,322.3,320,319.7,320.9,319.2,316.6,315.5,316,319.4,905.8,348.1
416,0,13.833,0.98,1,871.2,875.9,882.4,889,895.3,905.8,910.7,915.8,921,925.1,327.3,322.4,320.1,319.8,321.1,319.5,316.9,315.7,316.2,319.6,906.1,348.3
417,0,13.867,0.98,1,871.5,876.2,882.5,889,895.2,906.1,911.1,916.2,921.3,925.4,327.4,322.7,320.4,320,321.1,319.4,316.9,315.8,316.5,319.8,906,348.4
418,0,13.9,0.98,1,872,876.6,882.9,889.4,895.5,906.5,911.5,916.6,921.8,925.8,327.4,322.7,320.5,320.2,321.3,319.7,317.2,316.2,317,320.3,906,348.9
419,0,13.933,0.98,1,872,876.8,883.3,889.9,896,906.7,911.7,916.8,922,926,327.7,323.1,321,320.7,321.9,320.4,317.9,316.9,317.6,321.1,906.2,349.2
420,0,13.967,0.98,1,871.9,876.8,883.3,889.9,896.1,906.7,911.6,916.7,921.9,925.8,328.3,323.6,321.4,321.2,322.4,320.9,318.5,317.4,318,321.4,906.3,349.8
421,0,14,0.98,1,871.8,876.7,883.2,889.8,896.1,906.8,911.7,916.8,921.9,925.8,328.5,323.8,321.7,321.5,322.8,321.2,318.8,317.8,318.4,321.8,906.4,350.1
422,0,14.033,0.98,1,871.3,876.2,882.7,889.4,895.7,906.3,911.1,916.1,921.2,925.1,329.1,324.4,322.2,322,323.3,321.8,319.3,318.2,318.7,322.1,906.2,350.6
423,0,14.067,0.98,1,870.8,875.6,882.1,888.8,895.2,905.7,910.5,915.5,920.6,924.5,329.8,325.1,322.8,322.5,323.9,322.3,319.9,318.7,319.1,322.4,905.9,351.2
424,0,14.1,0.98,1,870.5,875.3,881.8,888.4,894.7,905.3,910.1,915.1,920.1,923.8,330.5,325.8,323.5,323.3,324.6,323,320.5,319.3,319.7,323,905.5,351.9
425,0,14.133,0.98,1,870,874.9,881.3,888,894.3,904.8,909.6,914.6,919.7,923.4,331.1,326.4,324.2,324,325.4,323.9,321.4,320.1,320.5,323.6,904.9,352.8
426,0,14.167,0.98,1,869.8,874.7,881.1,887.9,894.2,904.5,909.3,914.3,919.4,923,331.9,327.3,325,324.9,326.4,324.9,322.3,321,321.4,324.6,904.6,353.7
427,0,14.2,0.98,1,869.5,874.4,880.8,887.5,893.9,904,908.8,913.8,918.8,922.4,332.6,328,325.8,325.7,327.3,325.8,323.2,321.9,322.2,325.4,904,354.6
428,0,14.233,0.98,1,869.1,873.9,880.4,887.2,893.6,903.7,908.5,913.5,918.6,922.2,333.7,329,326.8,326.7,328.3,326.8,324.1,322.7,323.1,326.3,903.6,355.5
429,0,14.267,0.98,1,868.6,873.6,880.1,886.9,893.3,903.3,908.1,913.1,918.1,921.7,334.4,329.9,327.7,327.6,329.2,327.6,324.9,323.4,323.7,326.8,903.3,356.3
430,0,14.3,0.98,1,868.3,873.2,879.7,886.5,892.9,903,907.6,912.5,917.4,920.9,334.7,330.3,328.1,328.1,329.7,328.1,325.4,323.9,324.1,327.1,903,357
431,0,14.333,0.98,1,867.6,872.5,879,885.7,892.1,902.3,907,911.8,916.7,920.1,335.4,331,328.8,328.8,330.4,328.8,326,324.5,324.7,327.6,902.4,357.8
432,0,14.367,0.98,1,867,871.9,878.4,885.1,891.5,901.8,906.5,911.3,916.2,919.6,335.8,331.4,329.3,329.3,330.9,329.3,326.6,325,325.2,328.1,901.7,358.4
433,0,14.4,0.98,1,866.2,871.1,877.6,884.3,890.7,901,905.7,910.5,915.4,918.8,336.1,331.7,329.6,329.7,331.3,329.6,326.9,325.3,325.4,328.4,900.9,358.9
434,0,14.433,0.98,1,865.5,870.4,876.9,883.6,889.9,900.2,904.9,909.8,914.7,918.1,336.5,332.1,330.1,330.2,331.8,330.1,327.3,325.7,325.8,328.7,900.1,359.3
435,0,14.467,0.98,1,864.8,869.7,876.1,882.8,889,899.5,904.2,909,914,917.4,336.6,332.2,330.2,330.3,331.8,330.2,327.4,325.8,325.9,328.8,899.2,359.6
436,0,14.5,0.98,1,863.7,868.6,875.1,881.8,888,898.4,903.2,908.1,913,916.5,336.9,332.6,330.6,330.6,332.1,330.4,327.5,325.9,326,328.9,898.4,359.7
437,0,14.533,0.98,1,863.2,868,874.4,881.1,887.3,897.7,902.4,907.3,912.2,915.6,336.9,332.6,330.6,330.6,332.1,330.3,327.5,325.9,326,328.8,897.7,359.8
438,0,14.567,0.98,1,862.4,867.2,873.5,880.1,886.4,897,901.7,906.6,911.5,914.9,336.9,332.6,330.6,330.6,332,330.2,327.4,325.8,325.9,328.8,896.9,359.7
439,0,14.6,0.98,1,861.4,866.2,872.6,879.3,885.6,896.2,900.9,905.8,910.7,914.2,336.9,332.6,330.5,330.5,332,330.3,327.4,325.8,325.8,328.7,896.1,359.7
440,0,14.633,0.98,1,860.4,865.2,871.6,878.3,884.7,895.4,900.1,905.1,910,913.5,337,332.6,330.5,330.5,332,330.2,327.3,325.7,325.7,328.6,895.3,359.7
441,0,14.667,0.98,1,859.6,864.5,870.9,877.7,884,894.5,899.3,904.3,909.3,912.8,336.9,332.5,330.5,330.5,332,330.1,327.2,325.5,325.6,328.4,894.5,359.6
442,0,14.7,0.98,1,858.9,863.7,870.2,877,883.3,893.6,898.4,903.3,908.3,911.8,336.9,332.5,330.4,330.4,332,330.2,327.3,325.6,325.5,328.3,893.7,359.5
443,0,14.733,0.98,1,858,862.8,869.3,876.1,882.4,892.7,897.4,902.4,907.4,911,336.8,332.4,330.4,330.4,331.9,330.1,327.1,325.4,325.4,328.2,892.9,359.5
444,0,14.767,0.98,1,857.2,862,868.4,875.1,881.4,891.8,896.5,901.5,906.4,910,336.8,332.4,330.3,330.3,331.8,330,327.1,325.4,325.4,328.2,891.9,359.3
445,0,14.8,0.98,1,856.3,861.1,867.6,874.3,880.6,891.1,895.8,900.7,905.7,909.3,336.9,332.5,330.4,330.3,331.8,330,327.1,325.4,325.4,328.3,891.2,359.3
446,0,14.833,0.98,1,855.6,860.3,866.7,873.4,879.7,890.1,894.8,899.7,904.7,908.3,337,332.6,330.4,330.4,331.8,330,327.1,325.5,325.4,328.2,890.4,359.3
447,0,14.867,0.98,1,854.8,859.6,866,872.7,879,889.5,894.3,899.2,904.1,907.7,336.9,332.5,330.4,330.4,331.8,330,327.1,325.5,325.5,328.3,889.7,359.3
448,0,14.9,0.98,1,854.1,858.8,865.1,871.8,878.1,888.5,893.2,898.2,903.1,906.7,337.1,332.7,330.5,330.4,331.9,330,327.1,325.5,325.4,328.3,888.9,359.3
449,0,14.933,0.98,1,853.3,858,864.4,871.1,877.5,887.7,892.4,897.3,902.3,905.8,337.3,332.8,330.6,330.5,331.9,330.1,327.2,325.5,325.4,328.3,888.2,359.3
450,0,14.967,0.98,1,852.6,857.3,863.7,870.4,876.7,887,891.8,896.7,901.8,905.3,337.3,332.8,330.6,330.5,331.9,330,327.1,325.4,325.5,328.4,887.4,359.2
451,0,15,0.98,1,851.6,856.3,862.8,869.5,875.9,886.4,891.2,896.2,901.3,904.8,337.4,332.9,330.6,330.5,331.9,330.1,327.1,325.4,325.4,328.3,886.8,359.3
452,0,15.033,0.98,1,851.1,855.8,862.2,869,875.3,885.7,890.5,895.5,900.6,904.2,337.4,332.9,330.7,330.5,331.9,330,327.1,325.4,325.4,328.3,886.2,359.4
453,0,15.067,0.98,1,850.6,855.2,861.6,868.3,874.7,885.1,889.8,894.8,899.9,903.5,337.4,332.9,330.6,330.5,331.9,330,327,325.3,325.3,328.2,885.6,359.3
454,0,15.1,0.98,1,850.1,854.7,861,867.7,874.1,884.5,889.3,894.2,899.3,902.9,337.4,332.9,330.6,330.5,331.8,329.9,326.9,325.2,325.2,328.1,885,359.3
455,0,15.133,0.98,1,849.4,854,860.4,867.1,873.5,884,888.8,893.7,898.8,902.4,337.3,332.8,330.5,330.3,331.7,329.7,326.7,325,324.9,327.8,884.6,359.2
456,0,15.167,0.98,1,849,853.6,859.9,866.6,873,883.4,888.1,893.1,898.2,901.8,337.3,332.7,330.4,330.3,331.6,329.6,326.6,324.9,324.9,327.8,884.1,359.1
457,0,15.2,0.98,1,848.7,853.3,859.7,866.5,872.8,883.1,887.8,892.8,897.9,901.6,337.1,332.5,330.2,330,331.4,329.5,326.5,324.8,324.8,327.7,883.8,358.9
458,0,15.233,0.98,1,848.3,852.9,859.3,866,872.4,882.7,887.5,892.5,897.6,901.3,337.1,332.5,330.2,330,331.4,329.4,326.4,324.7,324.7,327.6,883.4,359
459,0,15.267,0.98,1,847.9,852.5,858.9,865.7,872,882.4,887.2,892.2,897.3,901,337.1,332.4,330.2,330,331.3,329.4,326.4,324.7,324.7,327.6,883.1,358.9
460,0,15.3,0.98,1,847.6,852.2,858.6,865.4,871.7,882.2,887,892,897.1,900.8,337,332.4,330.1,330,331.3,329.4,326.4,324.6,324.6,327.5,882.8,358.9
461,0,15.333,0.98,1,847.1,851.7,858.1,864.9,871.3,881.8,886.6,891.6,896.8,900.5,337.2,332.5,330.3,330,331.4,329.4,326.4,324.6,324.6,327.4,882.5,358.9
462,0,15.367,0.98,1,847,851.6,858,864.7,871.1,881.6,886.3,891.4,896.5,900.3,337.1,332.5,330.2,330,331.4,329.4,326.4,324.7,324.7,327.5,882.2,358.9
463,0,15.4,0.98,1,846.8,851.5,857.9,864.7,871.1,881.4,886.2,891.3,896.4,900.2,337.2,332.5,330.2,330,331.3,329.4,326.4,324.7,324.7,327.7,882.1,358.9
464,0,15.433,0.98,1,846.8,851.4,857.9,864.7,871,881.4,886.2,891.2,896.4,900.1,337.1,332.5,330.2,330,331.3,329.4,326.4,324.7,324.8,327.7,882,358.8
465,0,15.467,0.98,1,846.7,851.3,857.7,864.5,870.9,881.3,886.1,891.2,896.4,900.1,337.1,332.5,330.2,329.9,331.3,329.3,326.4,324.7,324.7,327.6,881.9,358.7
466,0,15.5,0.98,1,846.6,851.2,857.6,864.4,870.8,881.3,886.1,891.2,896.4,900.1,337.1,332.5,330.2,329.9,331.2,329.3,326.3,324.6,324.6,327.6,881.9,358.7
467,0,15.533,0.98,1,846.6,851.2,857.6,864.4,870.8,881.3,886.1,891.2,896.3,900.1,337.1,332.4,330.1,329.9,331.2,329.2,326.2,324.6,324.6,327.5,881.9,358.7
468,0,15.567,0.98,1,846.6,851.2,857.6,864.4,870.8,881.3,886.1,891.1,896.3,900,337.1,332.4,330.1,329.9,331.2,329.2,326.2,324.5,324.5,327.4,881.9,358.7
469,0,15.6,0.98,1,846.6,851.3,857.7,864.5,870.9,881.4,886.2,891.2,896.4,900.2,336.8,332.2,329.9,329.7,331,329,326.1,324.4,324.4,327.3,881.9,358.6
470,0,15.633,0.98,1,846.7,851.4,857.7,864.5,870.9,881.5,886.3,891.3,896.4,900.2,336.6,332,329.7,329.5,330.9,328.9,326,324.3,324.3,327.3,881.9,358.6
471,0,15.667,0.98,1,847,851.6,858,864.7,871.1,881.7,886.4,891.3,896.3,900,336.3,331.7,329.4,329.2,330.5,328.5,325.6,323.9,323.9,326.7,882.3,358.4
472,0,15.7,0.98,1,847.1,851.8,858.2,865,871.3,881.8,886.6,891.5,896.5,900.2,336.2,331.5,329.2,328.9,330.2,328.3,325.3,323.7,323.7,326.6,882.6,358.3
473,0,15.733,0.98,1,847.3,852.1,858.4,865,871.2,881.9,886.6,891.5,896.5,900.1,335.8,331.2,329,328.8,330,328,325.3,323.7,323.8,326.6,882.1,357.9
474,0,15.767,0.98,1,847.5,852.3,858.7,865.4,871.7,882.1,886.7,891.6,896.5,900.2,335.8,331.2,329,328.7,329.9,327.9,325,323.4,323.4,326.3,882.8,357.5
475,0,15.8,0.98,1,847.8,852.4,858.7,865.4,871.7,882.1,886.7,891.4,896.2,899.7,335.3,330.7,328.3,328,329.4,327.5,324.7,323.1,323.1,326,882.7,357
476,0,15.833,0.98,1,848,852.5,858.7,865.3,871.4,882.1,886.6,891.3,896,899.5,334.3,329.5,327.1,326.9,328.2,326.4,323.8,322.4,322.6,325.6,882.6,355.9
477,0,15.867,0.98,1,848,852.4,858.5,865.1,871.2,882.1,886.5,891.1,895.8,899.2,333.3,328.5,326.1,325.8,327.3,325.5,322.9,321.5,321.8,324.9,882.4,354.9
478,0,15.9,0.98,1,847.8,852.3,858.5,865,871.2,882,886.5,891.2,895.9,899.3,332.2,327.3,324.8,324.6,326.2,324.5,321.9,320.6,321,324.1,882.2,354
479,0,15.933,0.98,1,847.4,851.9,858.1,864.7,870.9,881.9,886.4,891.1,895.9,899.2,330.9,326,323.6,323.4,325,323.4,320.9,319.7,320.1,323.3,881.9,353.3
480,0,15.967,0.98,1,846.9,851.5,857.9,864.6,870.9,881.9,886.5,891.3,896.1,899.5,329.9,325,322.6,322.4,324.1,322.6,320.1,318.9,319.3,322.5,882,352.6
481,0,16,0.98,1,846.8,851.5,857.9,864.7,870.9,881.9,886.6,891.4,896.3,899.5,329.1,324.2,321.8,321.7,323.4,322,319.5,318.3,318.8,322.2,881.9,352.3
482,0,16.033,0.98,1,846.8,851.5,858,864.8,871.1,882.1,886.8,891.7,896.6,899.9,328.6,323.7,321.2,321.2,322.8,321.5,319,317.8,318.3,321.8,882.1,351.8
483,0,16.067,0.98,1,847,851.8,858.3,865.1,871.4,882.2,886.9,891.9,896.8,900.1,328.2,323.3,320.9,320.8,322.5,321.1,318.6,317.5,318.1,321.6,882.2,351.7
484,0,16.1,0.98,1,847.1,851.9,858.5,865.3,871.6,882.5,887.2,892.2,897.1,900.5,328,323.1,320.8,320.7,322.3,321,318.5,317.4,318,321.5,882.4,351.5
485,0,16.133,0.98,1,847.2,852.1,858.6,865.4,871.7,882.6,887.3,892.3,897.2,900.6,327.8,323,320.8,320.7,322.3,321,318.5,317.4,318,321.5,882.3,351.5
486,0,16.167,0.98,1,847.4,852.3,858.8,865.5,871.8,882.6,887.4,892.4,897.3,900.7,327.7,322.9,320.7,320.7,322.3,321,318.5,317.4,318,321.5,882.2,351.5
487,0,16.2,0.98,1,847.5,852.4,858.9,865.7,871.9,882.8,887.6,892.6,897.5,900.9,327.6,322.8,320.6,320.6,322.3,321,318.6,317.4,318,321.5,882.3,351.5
488,0,16.233,0.98,1,847.5,852.4,859,865.8,872.1,882.9,887.7,892.7,897.7,901.1,327.6,322.8,320.6,320.6,322.3,321.1,318.6,317.5,318.1,321.6,882.4,351.5
489,0,16.267,0.98,1,847.8,852.6,859.2,866,872.3,883,887.8,892.9,897.8,901.2,327.7,322.8,320.6,320.6,322.3,321.1,318.6,317.4,318.1,321.6,882.6,351.5
490,0,16.3,0.98,1,848,852.8,859.4,866.2,872.5,883.3,888.1,893.2,898.2,901.5,327.7,322.9,320.7,320.7,322.4,321.1,318.6,317.5,318.1,321.7,882.8,351.6
491,0,16.333,0.98,1,848.1,853,859.6,866.4,872.7,883.5,888.3,893.3,898.3,901.6,327.7,322.9,320.7,320.7,322.4,321.2,318.6,317.5,318.1,321.6,883.1,351.5
492,0,16.367,0.98,1,848.5,853.4,859.9,866.7,873,883.8,888.6,893.6,898.5,901.8,327.6,322.9,320.7,320.7,322.5,321.3,318.8,317.6,318.2,321.7,883.3,351.5
493,0,16.4,0.98,1,848.7,853.6,860.1,866.9,873.2,883.8,888.6,893.6,898.6,901.9,327.7,323,320.8,320.8,322.6,321.4,318.9,317.8,318.4,321.9,883.3,351.6
494,0,16.433,0.98,1,849,853.9,860.5,867.3,873.5,884.1,888.9,893.9,898.8,902,327.6,322.9,320.8,320.8,322.6,321.5,319,317.9,318.5,322,883.6,351.7
495,0,16.467,0.98,1,849.1,854,860.6,867.4,873.7,884.4,889.2,894.1,899,902.3,327.8,323.1,320.9,321,322.7,321.6,319.1,318,318.6,322.1,883.8,351.8
496,0,16.5,0.98,1,849.1,854,860.6,867.5,873.8,884.4,889.2,894.2,899.2,902.4,328.1,323.3,321.1,321.1,322.8,321.7,319.2,318,318.6,322.2,884,351.9
497,0,16.533,0.98,1,849.4,854.3,860.9,867.7,874.1,884.5,889.4,894.3,899.3,902.6,328.1,323.4,321.2,321.2,322.9,321.7,319.2,318.1,318.7,322.2,884.2,352
498,0,16.567,0.98,1,849.6,854.5,861.2,868.1,874.5,884.9,889.8,894.8,899.7,903,328.3,323.5,321.3,321.3,323.1,321.9,319.3,318.2,318.8,322.3,884.5,352
499,0,16.6,0.98,1,849.7,854.6,861.3,868.2,874.6,885,889.8,894.8,899.8,903.1,328.4,323.6,321.4,321.4,323.1,321.9,319.3,318.1,318.7,322.2,884.7,352
500,0,16.633,0.98,1,849.9,854.9,861.5,868.4,874.7,885.4,890.2,895.1,900,903.3,328.3,323.6,321.4,321.5,323.1,321.8,319.3,318.1,318.6,322.1,884.9,352
501,0,16.667,0.98,1,850.3,855.2,861.9,868.7,875,885.6,890.3,895.2,900,903.3,328.2,323.5,321.3,321.4,323.1,321.9,319.4,318.2,318.7,322.2,885.3,352
502,0,16.7,0.98,1,850.3,855.3,861.9,868.7,875,885.7,890.4,895.3,900.1,903.3,328.4,323.7,321.5,321.6,323.3,322,319.5,318.3,318.8,322.2,885.4,352.2
503,0,16.733,0.98,1,850.7,855.7,862.3,869.1,875.4,886,890.6,895.5,900.2,903.4,328.4,323.7,321.6,321.7,323.4,322.1,319.6,318.4,318.8,322.2,885.6,352.4
504,0,16.767,0.98,1,850.6,855.6,862.3,869.2,875.6,886.1,890.9,895.8,900.6,903.8,328.7,324,321.8,321.9,323.7,322.4,319.9,318.7,319.2,322.7,885.7,352.7
505,0,16.8,0.98,1,850.8,855.8,862.4,869.3,875.7,886.5,891.2,896,900.7,903.9,329,324.3,322.2,322.2,323.9,322.6,320.1,318.8,319.4,322.8,886,353
506,0,16.833,0.98,1,851,856,862.6,869.5,875.8,886.6,891.2,896,900.8,904,329.4,324.7,322.6,322.7,324.4,323,320.5,319.2,319.7,323.1,886.1,353.5
507,0,16.867,0.98,1,850.9,855.9,862.6,869.5,875.9,886.7,891.4,896.3,901.1,904.3,329.7,325,322.8,322.9,324.6,323.3,320.7,319.5,320,323.4,886.2,353.9
508,0,16.9,0.98,1,851.1,856.2,862.9,869.8,876.2,886.9,891.6,896.4,901.2,904.4,330.1,325.5,323.4,323.5,325.2,323.9,321.3,320,320.5,323.9,886.3,354.5
509,0,16.933,0.98,1,851.5,856.5,863.2,870.1,876.5,887.1,891.9,896.7,901.5,904.6,330.6,325.9,323.9,324,325.7,324.4,321.8,320.5,321,324.4,886.5,354.9
510,0,16.967,0.98,1,851.6,856.8,863.5,870.4,876.8,887.4,892.2,897,901.8,904.9,330.7,326.2,324.2,324.4,326.1,324.8,322.3,320.9,321.4,324.6,886.3,355.4
511,0,17,0.98,1,851.9,857.1,863.7,870.5,876.8,887.6,892.4,897.2,902,905.1,330.8,326.5,324.7,324.9,326.6,325.2,322.7,321.4,321.9,325,885.8,355.8
512,0,17.033,0.98,1,852.1,857.2,863.9,870.7,877,887.6,892.4,897.3,902.1,905.4,331.2,326.9,325,325.2,327,325.7,323,321.7,322.2,325.4,886.3,356.3
513,0,17.067,0.98,1,852.1,857.2,863.8,870.7,877,887.6,892.4,897.4,902.3,905.6,331.7,327.3,325.4,325.6,327.3,326,323.3,322,322.5,325.7,886.5,356.4
514,0,17.1,0.98,1,852.1,857.1,863.8,870.7,877,887.5,892.4,897.3,902.3,905.8,332.2,327.8,325.9,326.1,327.8,326.4,323.5,322.1,322.5,325.7,886.8,356.7
515,0,17.133,0.98,1,852.2,857,863.6,870.5,876.8,887.4,892.2,897.1,902,905.6,332.9,328.4,326.4,326.5,328.1,326.6,323.7,322.3,322.7,325.8,886.9,356.8
516,0,17.167,0.88,1,852.3,857,863.4,870.2,876.5,887.2,892,896.9,901.8,905.5,333.6,329.1,327,326.9,328.5,326.8,323.9,322.4,322.7,325.8,887,356.9
517,0,17.2,0.88,1,852.3,856.9,863.3,870.1,876.3,886.9,891.7,896.7,901.7,905.5,334.1,329.5,327.3,327.2,328.7,326.9,324,322.5,322.8,325.9,887.1,356.9
518,0,17.233,0.88,1,852.4,856.8,863.2,870,876.2,886.8,891.6,896.6,901.7,905.5,334.4,329.7,327.5,327.3,328.8,327,324,322.5,322.8,325.9,887.2,356.9
519,0,17.267,0.88,1,852.5,856.9,863.2,869.9,876.1,886.7,891.5,896.6,901.8,905.7,334.4,329.7,327.5,327.3,328.7,326.8,323.8,322.3,322.5,325.5,887.2,356.7
520,0,17.3,0.98,1,852.3,856.5,862.7,869.3,875.5,886.7,891.8,897.1,902.5,906.5,334.4,329.6,327.3,327,328.3,326.2,323.2,321.6,321.9,325,887,356.6
521,0,17.333,0.98,1,852.6,856.8,863,869.5,875.6,887.2,892.4,897.9,903.4,907.5,333.4,328.8,326.8,326.6,327.9,326,323,321.5,321.8,324.9,886.7,356.6
522,0,17.367,0.98,1,853.6,857.9,864,870.5,876.5,887.9,893.2,898.8,904.3,908.5,332.8,328.3,326.4,326.3,327.6,325.8,322.9,321.5,321.9,325,887,356.5
523,0,17.4,0.98,1,854.6,858.9,865,871.5,877.5,889.2,894.6,900.1,905.8,910.1,332.3,327.9,326.1,326,327.4,325.6,322.7,321.3,321.7,324.8,887.8,356.4
524,0,17.433,0.93,1,856.4,860.7,866.8,873.2,879.2,890.6,896.1,901.8,907.5,911.8,331.9,327.5,325.8,325.8,327.2,325.6,322.8,321.4,322,325.2,888.9,356.3
525,0,17.467,0.88,1,858.1,862.4,868.5,874.8,880.7,892.2,897.7,903.4,909.2,913.6,331.7,327.4,325.6,325.7,327.2,325.6,322.8,321.5,322,325.3,890.2,356.4
526,0,17.5,0.88,1,860.1,864.5,870.5,876.8,882.7,894.3,899.9,905.6,911.4,915.8,331.5,327.2,325.5,325.6,327.1,325.6,322.8,321.5,322.1,325.3,892,356.4
527,0,17.533,0.88,1,862.5,866.9,872.9,879.2,885,896.6,902.2,908,913.8,918.2,331.3,327,325.4,325.5,327,325.6,322.8,321.6,322.2,325.5,894,356.5
528,0,17.567,0.88,1,865.2,869.6,875.6,881.8,887.6,899.2,904.8,910.6,916.4,920.8,331.1,326.9,325.3,325.4,327,325.6,322.9,321.8,322.4,325.6,896.4,356.6
529,0,17.6,0.88,1,868.1,872.6,878.6,884.8,890.6,902.2,907.8,913.6,919.4,923.8,330.8,326.7,325.2,325.5,327.1,325.8,323.1,321.9,322.6,325.8,899,356.7
530,0,17.633,0.88,1,871,875.5,881.6,887.9,893.8,905.3,911,916.8,922.6,927.1,330.7,326.6,325.1,325.4,327,325.8,323.2,322.1,322.8,326.2,901.8,356.7
531,0,17.667,0.88,1,874.4,878.9,884.9,891.2,897,908.8,914.5,920.3,926.1,930.6,330.3,326.3,325,325.3,327,325.9,323.3,322.2,322.9,326.3,904.8,356.8
532,0,17.7,0.88,1,878.1,882.6,888.7,895,900.6,912.4,918.2,924,929.8,934.3,329.9,326,324.8,325.3,327,326,323.4,322.3,323.2,326.6,907.9,356.9
533,0,17.733,0.88,1,881.8,886.4,892.4,898.7,904.4,916.3,922.2,928,933.9,938.4,329.4,325.7,324.7,325.2,326.9,326,323.4,322.4,323.4,326.7,911.2,356.9
534,0,17.767,0.88,1,885.7,890.3,896.4,902.7,908.4,920.2,926.1,932,937.9,942.5,329,325.3,324.4,324.9,326.6,325.7,323.2,322.2,323.2,326.7,914.8,356.7
535,0,17.8,0.88,1,890.1,894.7,900.7,907.1,912.7,924.5,930.6,936.5,942.5,947.1,328.2,324.6,323.7,324.3,325.9,325.2,322.7,321.9,323,326.6,918.4,356.2
536,0,17.833,0.82,1,894.6,899.2,905.2,911.4,916.8,928.7,934.9,940.9,946.9,951.5,327.2,323.6,322.9,323.6,325.3,324.6,322.2,321.5,322.8,326.5,921.7,355.7
537,0,17.867,0.82,1,898.5,903.3,909.4,915.5,920.7,932.5,939,945.2,951.4,956.2,325.8,322.4,321.9,322.8,324.6,324.1,321.8,321.1,322.5,326.4,924.4,355.2
538,0,17.9,0.82,1,902.3,907.3,913.4,919.2,924.2,936.2,942.9,949.5,955.9,961,323.5,320.3,320.3,321.5,323.5,323.4,321.2,320.7,322.1,326.2,926.2,354.7
539,0,17.933,0.88,1,905.1,910.1,916.3,922.2,927.3,939.1,946.3,953.4,960.4,965.7,321.5,317.9,317.9,319.3,321.8,322.2,320.1,319.8,321.7,326.4,927.6,354.2
540,0,17.967,0.98,1,914.5,918.7,924.8,931.2,937,948.9,954.7,960.6,966.6,971,328.5,324.3,322.7,323,324.7,323.4,320.6,319.4,320.1,323.5,945.8,354.7
541,0,18,0.88,1,919.1,923.5,929.6,935.9,941.7,953.7,959.6,965.6,971.6,976.1,327.4,323.4,322.1,322.5,324.2,323.1,320.4,319.3,320.1,323.4,949.4,354.5
542,0,18.033,0.88,1,924.1,928.7,934.7,941,946.7,958.7,964.8,970.9,976.9,981.5,326.2,322.4,321.3,321.9,323.6,322.8,320.2,319.2,320.1,323.6,953.2,354.1
543,0,18.067,0.82,1,929.3,934,940,946.3,951.8,963.5,969.8,975.9,982,986.6,325.1,321.5,320.7,321.5,323.3,322.6,320.2,319.4,320.5,324.2,956.8,353.7
544,0,18.1,0.82,1,934.2,938.8,944.9,951,956.3,968,974.4,980.7,987,991.8,323.7,320.3,319.8,320.8,322.8,322.4,320,319.3,320.6,324.4,960,353.4
545,0,18.133,0.82,1,939,943.7,949.6,955.3,960.2,972.1,978.7,985.2,991.6,996.6,322.2,319,318.9,320.1,322.2,322.1,319.9,319.4,320.7,324.7,962.4,352.9
546,0,18.167,0.82,1,943.8,948.2,953.9,959.4,964.1,975.9,982.7,989.3,995.9,1001,322,318.6,318.5,319.7,321.7,321.8,319.8,319.4,320.9,325.2,964.6,352.1
547,0,18.2,0.82,1,948.6,953,958.3,963.4,967.7,980,986.7,993.3,999.8,1004.9,321.5,318.1,318,319.2,321.1,321.4,319.4,319.1,320.6,324.9,966.6,351.6
548,0,18.233,0.98,1,952.8,956.9,962.6,968.5,974,985.6,991.6,997.9,1004.2,1008.9,325.6,321.7,320.5,321.2,323.2,322.3,319.6,318.3,319,322.3,981.6,352.8
549,0,18.267,0.98,1,956.2,960.1,965.7,971.5,976.9,988.7,994.8,1001.1,1007.4,1012.2,324.8,321.1,320.1,320.9,322.9,322.1,319.5,318.4,319.1,322.4,983.9,352.6
550,0,18.3,0.98,1,959.8,963.6,969.1,974.7,980,991.7,997.9,1004.3,1010.7,1015.6,324.2,320.5,319.6,320.4,322.5,321.8,319.3,318.2,319.1,322.5,986.5,352.1
551,0,18.333,0.98,1,963,966.6,972,977.5,982.6,994.2,1000.5,1006.9,1013.4,1018.5,323.6,320,319.2,320,322.2,321.6,319.1,318,318.9,322.2,988.7,351.8
552,0,18.367,0.98,1,966,969.6,974.9,980.2,985.2,996.9,1003.2,1009.6,1016.1,1021.3,323.1,319.6,318.9,319.7,321.8,321.4,318.9,318,318.9,322.3,990.9,351.4
553,0,18.4,0.98,1,968.9,972.5,977.6,982.9,987.8,999.6,1006,1012.5,1019,1024.3,322.5,319.1,318.4,319.4,321.5,321.2,318.8,317.9,318.9,322.4,993.1,351.1
554,0,18.433,0.98,1,971.7,975.3,980.4,985.7,990.5,1002.2,1008.6,1015.2,1021.7,1026.9,322.1,318.6,318,319,321.2,321,318.7,317.9,319,322.6,995.4,350.8
555,0,18.467,0.98,1,974.4,977.9,983,988.3,993.1,1004.5,1010.9,1017.6,1024.2,1029.4,321.7,318.2,317.7,318.8,321,320.9,318.6,317.8,318.9,322.6,997.7,350.6
556,0,18.5,0.98,1,977.2,980.7,985.8,991.1,995.9,1007.3,1013.7,1020.3,1027,1032.2,321.3,317.9,317.4,318.6,320.9,320.8,318.5,317.7,318.9,322.5,1000.3,350.3
557,0,18.533,0.98,1,979.8,983.5,988.6,993.9,998.7,1010.1,1016.5,1023.1,1029.7,1035,321,317.6,317.1,318.2,320.5,320.5,318.2,317.5,318.6,322.3,1003,350
